    82156	2016-08-23 13:26:35	3	0	1	0
    87129	2016-08-23 13:26:45	3	0	1	0
    85096	2016-08-23 13:35:43	3	0	15	0
    66073	2016-08-23 17:01:44	3	0	15	0
    84011	2016-08-23 17:03:58	3	0	1	0
    74001	2016-08-23 17:04:05	3	0	1	0
    87129	2016-08-23 17:04:15	3	0	1	0
    95001	2016-08-23 17:04:21	3	0	1	0
    86027	2016-08-23 17:04:29	3	0	1	0
    88116	2016-08-23 17:04:41	3	0	15	0
    75006	2016-08-23 17:04:42	3	0	1	0
    63005	2016-08-23 17:05:28	3	0	15	0
    89083	2016-08-23 17:05:40	3	0	15	0
    75103	2016-08-23 17:07:29	3	0	15	0
    68057	2016-08-23 17:09:09	3	0	1	0
    78017	2016-08-23 17:09:13	3	0	1	0
    69065	2016-08-23 17:09:22	3	0	15	0
    63012	2016-08-23 17:10:37	3	0	1	0
    53014	2016-08-23 17:10:49	3	0	1	0
    87003	2016-08-23 17:11:02	3	0	15	0
    89080	2016-08-23 17:14:47	3	0	1	0
    90073	2016-08-23 17:14:50	3	0	1	0
    83136	2016-08-23 17:14:57	3	0	1	0
    94025	2016-08-23 17:15:07	3	0	1	0
    88020	2016-08-23 17:23:26	3	0	15	0
    80043	2016-08-23 17:24:20	3	0	1	0
    79112	2016-08-23 17:24:38	3	0	15	0
    80090	2016-08-23 17:25:08	3	0	15	0
    80053	2016-08-23 17:35:36	3	0	15	0
    80079	2016-08-23 17:35:42	3	0	15	0
    73044	2016-08-23 17:47:48	3	0	15	0
    89078	2016-08-23 17:50:21	3	0	15	0
    95008	2016-08-23 17:54:58	3	0	1	0
    93007	2016-08-23 17:55:06	3	0	1	0
    93020	2016-08-23 17:58:51	3	0	1	0
    94007	2016-08-23 17:59:01	3	0	1	0
    66001	2016-08-24 07:27:49	3	0	15	0
    94007	2016-08-24 07:32:21	3	0	1	0
    95016	2016-08-24 07:41:39	3	0	1	0
    87129	2016-08-24 07:44:07	3	0	1	0
    88093	2016-08-24 07:48:40	3	0	1	0
    89022	2016-08-24 07:52:32	3	0	1	0
    94025	2016-08-24 07:58:26	3	0	1	0
    79020	2016-08-24 08:00:33	3	0	1	0
    84011	2016-08-24 12:00:28	3	0	1	0
    94025	2016-08-24 12:01:28	3	0	1	0
    87129	2016-08-24 12:03:48	3	0	1	0
    62008	2016-08-24 12:04:00	3	0	1	0
    82156	2016-08-24 12:04:26	3	0	1	0
    79175	2016-08-24 12:04:42	3	0	15	0
    84156	2016-08-24 12:04:48	3	0	15	0
    79080	2016-08-24 12:06:53	3	0	15	0
    76016	2016-08-24 12:07:17	3	0	15	0
    66001	2016-08-24 12:08:32	3	0	15	0
    63004	2016-08-24 12:10:02	3	0	15	0
    79020	2016-08-24 12:10:13	3	0	1	0
    80079	2016-08-24 12:10:47	3	0	15	0
    69065	2016-08-24 12:11:27	3	0	15	0
    60018	2016-08-24 12:12:34	3	0	1	0
    53014	2016-08-24 12:13:00	3	0	1	0
    77059	2016-08-24 12:13:09	3	0	1	0
    66009	2016-08-24 12:16:04	3	0	1	0
    64009	2016-08-24 12:16:10	3	0	1	0
    63012	2016-08-24 12:16:26	3	0	1	0
    77021	2016-08-24 12:20:11	3	0	1	0
    76124	2016-08-24 12:23:25	3	0	1	0
    93020	2016-08-24 12:25:20	3	0	1	0
    94007	2016-08-24 12:25:33	3	0	1	0
    73044	2016-08-24 12:26:43	3	0	1	0
    83136	2016-08-24 12:27:48	3	0	1	0
    80043	2016-08-24 12:29:29	3	0	1	0
    80090	2016-08-24 12:29:34	3	0	1	0
    88020	2016-08-24 12:29:38	3	0	1	0
    91024	2016-08-24 12:30:33	3	0	1	0
    64009	2016-08-24 12:30:37	3	0	1	0
    89083	2016-08-24 12:31:13	3	0	1	0
    76124	2016-08-24 12:31:37	3	0	1	0
    66073	2016-08-24 12:31:48	3	0	1	0
    73044	2016-08-24 12:32:38	3	0	1	0
    65012	2016-08-24 12:33:07	3	0	1	0
    75020	2016-08-24 12:33:32	3	0	15	0
    71086	2016-08-24 12:34:03	3	0	15	0
    69065	2016-08-24 12:34:15	3	0	15	0
    95008	2016-08-24 12:35:43	3	0	1	0
    85012	2016-08-24 12:36:38	3	0	1	0
    79020	2016-08-24 12:38:03	3	0	1	0
    53014	2016-08-24 12:41:31	3	0	1	0
    63012	2016-08-24 12:41:58	3	0	1	0
    60046	2016-08-24 12:42:05	3	0	1	0
    60018	2016-08-24 12:43:31	3	0	1	0
    85096	2016-08-24 12:43:58	3	0	15	0
    95016	2016-08-24 12:44:47	3	0	1	0
    80079	2016-08-24 12:46:07	3	0	15	0
    77021	2016-08-24 12:46:33	3	0	1	0
    84008	2016-08-24 12:47:36	3	0	1	0
    77059	2016-08-24 12:47:44	3	0	1	0
    94007	2016-08-24 12:49:03	3	0	1	0
    88116	2016-08-24 12:50:16	3	0	15	0
    87129	2016-08-24 12:56:23	3	0	1	0
    87129	2016-08-24 15:47:58	3	0	1	0
    82156	2016-08-24 15:48:15	3	0	15	0
    84088	2016-08-24 15:53:15	3	0	15	0
    90087	2016-08-24 15:53:24	3	0	15	0
    86027	2016-08-24 17:00:45	3	0	15	0
    61020	2016-08-24 17:01:22	3	0	15	0
    66073	2016-08-24 17:01:30	3	0	1	0
    84023	2016-08-24 17:01:35	3	0	15	0
    62009	2016-08-24 17:02:33	3	0	15	0
    66001	2016-08-24 17:02:43	3	0	15	0
    84011	2016-08-24 17:04:14	3	0	1	0
    62008	2016-08-24 17:04:35	3	0	1	0
    75006	2016-08-24 17:05:24	3	0	15	0
    87129	2016-08-24 17:05:29	3	0	1	0
    79020	2016-08-24 17:06:00	3	0	1	0
    87003	2016-08-24 17:06:06	3	0	1	0
    65012	2016-08-24 17:06:11	3	0	1	0
    77059	2016-08-24 17:06:56	3	0	1	0
    89083	2016-08-24 17:07:42	3	0	15	0
    88116	2016-08-24 17:07:51	3	0	15	0
    89022	2016-08-24 17:08:22	3	0	1	0
    91024	2016-08-24 17:09:19	3	0	15	0
    63004	2016-08-24 17:10:02	3	0	15	0
    69065	2016-08-24 17:10:51	3	0	15	0
    87131	2016-08-24 17:12:13	3	0	15	0
    98923	2016-08-24 17:12:18	3	0	1	0
    98746	2016-08-24 17:12:27	3	0	15	0
    78017	2016-08-24 17:12:47	3	0	15	0
    76124	2016-08-24 17:15:34	3	0	1	0
    95016	2016-08-24 17:17:08	3	0	1	0
    83136	2016-08-24 17:17:36	3	0	1	0
    94025	2016-08-24 17:19:17	3	0	1	0
    53014	2016-08-24 17:23:04	3	0	1	0
    63012	2016-08-24 17:23:12	3	0	1	0
    60018	2016-08-24 17:23:58	3	0	1	0
    77104	2016-08-24 17:24:43	3	0	15	0
    80002	2016-08-24 17:24:58	3	0	15	0
    92004	2016-08-24 17:25:53	3	0	15	0
    79112	2016-08-24 17:26:22	3	0	15	0
    88020	2016-08-24 17:27:58	3	0	15	0
    80090	2016-08-24 17:28:14	3	0	15	0
    80079	2016-08-24 17:42:06	3	0	15	0
    76016	2016-08-24 17:42:20	3	0	15	0
    80053	2016-08-24 17:42:46	3	0	15	0
    67065	2016-08-24 17:43:32	3	0	15	0
    73044	2016-08-24 18:07:38	3	0	15	0
    93020	2016-08-24 18:08:11	3	0	15	0
    66001	2016-08-24 18:08:22	3	0	15	0
    94007	2016-08-24 18:08:26	3	0	15	0
    54026	2016-08-25 06:18:22	3	0	15	0
    61011	2016-08-25 07:27:10	3	0	15	0
    89083	2016-08-25 07:27:38	3	0	15	0
    94007	2016-08-25 07:32:30	3	0	1	0
    81021	2016-08-25 07:36:50	3	0	1	0
    94025	2016-08-25 07:45:25	3	0	1	0
    85096	2016-08-25 07:47:51	3	0	15	0
    95016	2016-08-25 07:56:29	3	0	1	0
    81021	2016-08-25 12:00:26	3	0	1	0
    84023	2016-08-25 12:00:38	3	0	1	0
    79011	2016-08-25 12:00:44	3	0	1	0
    88014	2016-08-25 12:01:00	3	0	1	0
    86075	2016-08-25 12:01:36	3	0	1	0
    94025	2016-08-25 12:01:46	3	0	1	0
    87129	2016-08-25 12:01:59	3	0	1	0
    90073	2016-08-25 12:02:03	3	0	1	0
    79175	2016-08-25 12:02:15	3	0	1	0
    75006	2016-08-25 12:02:27	3	0	1	0
    79020	2016-08-25 12:03:10	3	0	1	0
    82156	2016-08-25 12:03:21	3	0	1	0
    59009	2016-08-25 12:03:49	3	0	1	0
    60046	2016-08-25 12:04:31	3	0	15	0
    68001	2016-08-25 12:05:25	3	0	15	0
    80079	2016-08-25 12:07:30	3	0	15	0
    63012	2016-08-25 12:08:22	3	0	1	0
    76135	2016-08-25 12:08:40	3	0	15	0
    69065	2016-08-25 12:09:13	3	0	15	0
    88116	2016-08-25 12:10:44	3	0	15	0
    53014	2016-08-25 12:11:56	3	0	1	0
    80043	2016-08-25 12:12:06	3	0	1	0
    60018	2016-08-25 12:14:42	3	0	1	0
    82100	2016-08-25 12:14:56	3	0	1	0
    89022	2016-08-25 12:15:30	3	0	1	0
    96004	2016-08-25 12:15:39	3	0	15	0
    76124	2016-08-25 12:16:01	3	0	1	0
    63004	2016-08-25 12:20:36	3	0	15	0
    73044	2016-08-25 12:23:49	3	0	1	0
    84011	2016-08-25 12:26:38	3	0	1	0
    74001	2016-08-25 12:26:52	3	0	1	0
    89083	2016-08-25 12:27:21	3	0	15	0
    79112	2016-08-25 12:27:33	3	0	1	0
    91024	2016-08-25 12:27:39	3	0	15	0
    61056	2016-08-25 12:28:14	3	0	1	0
    88020	2016-08-25 12:28:30	3	0	15	0
    80043	2016-08-25 12:29:00	3	0	1	0
    77059	2016-08-25 12:29:51	3	0	1	0
    73044	2016-08-25 12:30:59	3	0	1	0
    80090	2016-08-25 12:31:17	3	0	1	0
    74001	2016-08-25 12:32:23	3	0	1	0
    84011	2016-08-25 12:32:31	3	0	1	0
    79112	2016-08-25 12:32:52	3	0	1	0
    62009	2016-08-25 12:33:32	3	0	15	0
    83136	2016-08-25 12:34:14	3	0	1	0
    89022	2016-08-25 12:34:26	3	0	1	0
    60018	2016-08-25 12:35:22	3	0	1	0
    69065	2016-08-25 12:36:13	3	0	15	0
    60046	2016-08-25 12:37:12	3	0	15	0
    76135	2016-08-25 12:37:22	3	0	15	0
    71086	2016-08-25 12:37:32	3	0	1	0
    69016	2016-08-25 12:37:36	3	0	15	0
    60017	2016-08-25 12:37:46	3	0	15	0
    65012	2016-08-25 12:37:59	3	0	15	0
    68057	2016-08-25 12:38:06	3	0	15	0
    79020	2016-08-25 12:39:57	3	0	1	0
    78017	2016-08-25 12:40:16	3	0	1	0
    77021	2016-08-25 12:40:45	3	0	1	0
    75103	2016-08-25 12:41:06	3	0	1	0
    63012	2016-08-25 12:41:34	3	0	1	0
    53014	2016-08-25 12:41:41	3	0	1	0
    94007	2016-08-25 12:41:50	3	0	1	0
    93020	2016-08-25 12:41:57	3	0	1	0
    96004	2016-08-25 12:42:58	3	0	1	0
    79011	2016-08-25 12:45:45	3	0	1	0
    76016	2016-08-25 12:48:25	3	0	1	0
    80079	2016-08-25 12:49:00	3	0	15	0
    84023	2016-08-25 12:51:09	3	0	1	0
    95016	2016-08-25 12:51:35	3	0	1	0
    92004	2016-08-25 12:56:40	3	0	1	0
    77059	2016-08-25 12:57:36	3	0	1	0
    94007	2016-08-25 12:58:09	3	0	1	0
    94025	2016-08-25 13:19:05	3	0	1	0
    88137	2016-08-25 16:59:24	3	0	15	0
    66009	2016-08-25 17:00:29	3	0	15	0
    84023	2016-08-25 17:00:39	3	0	1	0
    60017	2016-08-25 17:00:42	3	0	15	0
    66001	2016-08-25 17:01:55	3	0	15	0
    68001	2016-08-25 17:02:06	3	0	15	0
    64001	2016-08-25 17:02:12	3	0	15	0
    61020	2016-08-25 17:02:48	3	0	15	0
    66073	2016-08-25 17:03:01	3	0	1	0
    65012	2016-08-25 17:03:12	3	0	1	0
    88014	2016-08-25 17:03:23	3	0	15	0
    84011	2016-08-25 17:04:14	3	0	1	0
    63005	2016-08-25 17:04:36	3	0	15	0
    75020	2016-08-25 17:08:31	3	0	15	0
    63004	2016-08-25 17:08:47	3	0	15	0
    68057	2016-08-25 17:13:04	3	0	15	0
    78017	2016-08-25 17:13:19	3	0	15	0
    69065	2016-08-25 17:13:25	3	0	15	0
    77021	2016-08-25 17:13:44	3	0	15	0
    76124	2016-08-25 17:21:45	3	0	1	0
    83136	2016-08-25 17:26:18	3	0	1	0
    94025	2016-08-25 17:28:47	3	0	1	0
    96004	2016-08-25 17:28:57	3	0	1	0
    86075	2016-08-25 17:29:51	3	0	15	0
    90073	2016-08-25 17:30:49	3	0	15	0
    77059	2016-08-25 17:36:26	3	0	1	0
    91024	2016-08-25 17:37:25	3	0	15	0
    87003	2016-08-25 17:37:41	3	0	15	0
    89083	2016-08-25 17:38:00	3	0	15	0
    89022	2016-08-25 17:38:38	3	0	1	0
    53014	2016-08-25 17:44:36	3	0	1	0
    63012	2016-08-25 17:45:00	3	0	1	0
    90095	2016-08-25 18:05:34	3	0	15	0
    86071	2016-08-25 18:05:35	3	0	15	0
    89078	2016-08-25 18:10:07	3	0	15	0
    73044	2016-08-25 18:10:28	3	0	15	0
    93020	2016-08-25 18:11:01	3	0	15	0
    93007	2016-08-25 18:11:17	3	0	1	0
    94007	2016-08-25 18:11:26	3	0	15	0
    80090	2016-08-25 18:30:44	3	0	15	0
    88020	2016-08-25 18:30:54	3	0	15	0
    80043	2016-08-25 18:31:06	3	0	15	0
    79112	2016-08-25 18:31:28	3	0	15	0
    92065	2016-08-26 06:25:11	3	0	1	0
    94007	2016-08-26 07:32:31	3	0	1	0
    75006	2016-08-26 07:32:48	3	0	15	0
    69016	2016-08-26 07:36:23	3	0	1	0
    89083	2016-08-26 07:36:41	3	0	15	0
    81021	2016-08-26 07:40:03	3	0	1	0
    82100	2016-08-26 07:53:29	3	0	1	0
    66073	2016-08-26 07:56:28	3	0	1	0
    93020	2016-08-26 08:22:05	3	0	1	0
    78017	2016-08-26 08:22:10	3	0	1	0
    82149	2016-08-26 09:12:09	3	0	15	0
    78121	2016-08-26 09:15:45	3	0	15	0
    86155	2016-08-26 09:18:57	3	0	15	0
    82149	2016-08-26 09:19:10	3	0	1	0
    87129	2016-08-26 09:45:59	3	0	1	0
    78121	2016-08-26 09:50:08	3	0	15	0
    84023	2016-08-26 12:00:40	3	0	1	0
    89072	2016-08-26 12:00:54	3	0	1	0
    82017	2016-08-26 12:00:59	3	0	1	0
    79011	2016-08-26 12:01:02	3	0	1	0
    63004	2016-08-26 12:01:08	3	0	15	0
    69016	2016-08-26 12:01:17	3	0	1	0
    87129	2016-08-26 12:01:21	3	0	1	0
    88093	2016-08-26 12:01:43	3	0	1	0
    86075	2016-08-26 12:01:59	3	0	1	0
    61020	2016-08-26 12:02:16	3	0	15	0
    54026	2016-08-26 12:02:42	3	0	1	0
    85012	2016-08-26 12:04:26	3	0	1	0
    82156	2016-08-26 12:05:00	3	0	1	0
    79020	2016-08-26 12:05:22	3	0	1	0
    79112	2016-08-26 12:05:33	3	0	1	0
    77104	2016-08-26 12:05:46	3	0	1	0
    80043	2016-08-26 12:05:52	3	0	1	0
    71086	2016-08-26 12:06:49	3	0	1	0
    92004	2016-08-26 12:06:57	3	0	1	0
    82100	2016-08-26 12:07:04	3	0	1	0
    53014	2016-08-26 12:07:20	3	0	1	0
    86027	2016-08-26 12:07:45	3	0	15	0
    82149	2016-08-26 12:08:00	3	0	15	0
    80079	2016-08-26 12:08:48	3	0	15	0
    69065	2016-08-26 12:08:54	3	0	15	0
    92065	2016-08-26 12:09:20	3	0	1	0
    65012	2016-08-26 12:10:26	3	0	1	0
    89078	2016-08-26 12:11:38	3	0	1	0
    95008	2016-08-26 12:13:10	3	0	1	0
    94039	2016-08-26 12:13:13	3	0	15	0
    77021	2016-08-26 12:13:14	3	0	1	0
    66001	2016-08-26 12:13:45	3	0	15	0
    60017	2016-08-26 12:14:58	3	0	15	0
    60046	2016-08-26 12:15:58	3	0	15	0
    64009	2016-08-26 12:17:37	3	0	1	0
    93020	2016-08-26 12:20:03	3	0	1	0
    94007	2016-08-26 12:20:19	3	0	1	0
    73044	2016-08-26 12:24:50	3	0	1	0
    84011	2016-08-26 12:25:27	3	0	1	0
    91024	2016-08-26 12:30:06	3	0	15	0
    86027	2016-08-26 12:32:40	3	0	15	0
    65012	2016-08-26 12:33:27	3	0	1	0
    69016	2016-08-26 12:34:18	3	0	1	0
    82100	2016-08-26 12:35:17	3	0	1	0
    76016	2016-08-26 12:35:22	3	0	15	0
    60046	2016-08-26 12:35:58	3	0	15	0
    79175	2016-08-26 12:36:25	3	0	15	0
    71086	2016-08-26 12:36:32	3	0	1	0
    63004	2016-08-26 12:37:12	3	0	15	0
    73044	2016-08-26 12:37:31	3	0	1	0
    82149	2016-08-26 12:37:50	3	0	15	0
    53014	2016-08-26 12:38:17	3	0	1	0
    89022	2016-08-26 12:38:32	3	0	1	0
    95008	2016-08-26 12:38:43	3	0	1	0
    78121	2016-08-26 12:38:58	3	0	15	0
    88116	2016-08-26 12:39:07	3	0	15	0
    77021	2016-08-26 12:40:10	3	0	1	0
    94007	2016-08-26 12:42:07	3	0	1	0
    93020	2016-08-26 12:42:14	3	0	1	0
    81021	2016-08-26 12:42:59	3	0	1	0
    69065	2016-08-26 12:43:39	3	0	1	0
    68057	2016-08-26 12:43:49	3	0	15	0
    79172	2016-08-26 12:44:26	3	0	15	0
    92065	2016-08-26 12:44:30	3	0	1	0
    66087	2016-08-26 12:44:35	3	0	1	0
    61020	2016-08-26 12:46:05	3	0	1	0
    75006	2016-08-26 12:51:27	3	0	1	0
    90073	2016-08-26 12:52:59	3	0	1	0
    85012	2016-08-26 12:54:53	3	0	1	0
    77059	2016-08-26 13:02:33	3	0	1	0
    62011	2016-08-26 13:07:05	3	0	1	0
    53016	2016-08-26 13:33:56	3	0	15	0
    91064	2016-08-26 16:45:32	3	0	15	0
    92067	2016-08-26 16:46:38	3	0	15	0
    90097	2016-08-26 16:47:45	3	0	15	0
    87129	2016-08-26 16:48:27	3	0	1	0
    93050	2016-08-26 16:49:31	3	0	15	0
    92068	2016-08-26 16:50:26	3	0	1	0
    61020	2016-08-26 17:00:14	3	0	1	0
    84023	2016-08-26 17:00:32	3	0	15	0
    79175	2016-08-26 17:00:41	3	0	1	0
    81021	2016-08-26 17:00:53	3	0	1	0
    86075	2016-08-26 17:01:32	3	0	1	0
    87131	2016-08-26 17:01:46	3	0	1	0
    87129	2016-08-26 17:01:50	3	0	1	0
    98923	2016-08-26 17:02:25	3	0	1	0
    98746	2016-08-26 17:02:35	3	0	15	0
    66001	2016-08-26 17:02:59	3	0	15	0
    69016	2016-08-26 17:03:39	3	0	1	0
    65012	2016-08-26 17:03:48	3	0	1	0
    72004	2016-08-26 17:03:51	3	0	15	0
    62011	2016-08-26 17:04:00	3	0	15	0
    88014	2016-08-26 17:04:25	3	0	15	0
    86027	2016-08-26 17:04:31	3	0	1	0
    79020	2016-08-26 17:05:02	3	0	1	0
    84011	2016-08-26 17:05:14	3	0	1	0
    60017	2016-08-26 17:05:18	3	0	15	0
    74001	2016-08-26 17:05:21	3	0	1	0
    88116	2016-08-26 17:05:44	3	0	15	0
    89022	2016-08-26 17:05:56	3	0	1	0
    75006	2016-08-26 17:06:11	3	0	1	0
    89072	2016-08-26 17:06:14	3	0	1	0
    82100	2016-08-26 17:06:18	3	0	1	0
    75020	2016-08-26 17:06:24	3	0	1	0
    73004	2016-08-26 17:06:28	3	0	15	0
    82156	2016-08-26 17:06:44	3	0	1	0
    85012	2016-08-26 17:06:56	3	0	1	0
    90073	2016-08-26 17:07:02	3	0	1	0
    93009	2016-08-26 17:07:12	3	0	1	0
    77021	2016-08-26 17:08:00	3	0	1	0
    94039	2016-08-26 17:08:08	3	0	15	0
    69065	2016-08-26 17:08:15	3	0	15	0
    77104	2016-08-26 17:09:12	3	0	1	0
    91024	2016-08-26 17:09:22	3	0	15	0
    77059	2016-08-26 17:10:40	3	0	1	0
    88093	2016-08-26 17:12:54	3	0	1	0
    79112	2016-08-26 17:15:35	3	0	15	0
    53014	2016-08-26 17:20:00	3	0	1	0
    63012	2016-08-26 17:20:14	3	0	1	0
    80090	2016-08-26 17:20:18	3	0	15	0
    88020	2016-08-26 17:20:28	3	0	15	0
    63004	2016-08-26 17:23:01	3	0	15	0
    76124	2016-08-26 17:24:41	3	0	1	0
    80079	2016-08-26 17:32:02	3	0	15	0
    92067	2016-08-26 17:34:28	3	0	15	0
    91064	2016-08-26 17:34:42	3	0	15	0
    90097	2016-08-26 17:34:51	3	0	1	0
    92068	2016-08-26 17:35:11	3	0	15	0
    93050	2016-08-26 17:35:16	3	0	1	0
    93020	2016-08-26 17:38:08	3	0	15	0
    98724	2016-08-26 17:56:55	3	0	15	0
    82149	2016-08-26 17:57:07	3	0	15	0
    80173	2016-08-26 17:57:13	3	0	15	0
    75036	2016-08-26 17:57:17	3	0	15	0
    92069	2016-08-26 17:57:44	3	0	15	0
    78121	2016-08-26 17:59:04	3	0	1	0
    73044	2016-08-26 18:01:32	3	0	15	0
    54026	2016-08-29 09:28:57	3	4	15	0
    96004	2016-08-30 06:53:27	3	4	15	0
    81021	2016-08-30 07:07:42	3	4	1	0
    67010	2016-08-30 07:13:57	3	4	1	0
    91064	2016-08-30 07:25:49	3	4	15	0
    93009	2016-08-30 07:31:03	3	4	1	0
    61011	2016-08-30 07:35:28	3	4	15	0
    92068	2016-08-30 07:41:18	3	4	1	0
    66009	2016-08-30 07:45:31	3	4	15	0
    90097	2016-08-30 07:46:00	3	4	15	0
    93050	2016-08-30 07:46:05	3	4	1	0
    95012	2016-08-30 08:05:24	3	4	1	0
    98746	2016-08-30 08:38:18	3	4	15	0
    88093	2016-08-30 12:00:03	3	4	1	0
    87129	2016-08-30 12:00:56	3	4	1	0
    73004	2016-08-30 12:01:06	3	4	1	0
    86027	2016-08-30 12:01:19	3	4	1	0
    98923	2016-08-30 12:01:24	3	4	1	0
    86075	2016-08-30 12:01:50	3	4	1	0
    79011	2016-08-30 12:01:57	3	4	1	0
    94025	2016-08-30 12:02:03	3	4	1	0
    87131	2016-08-30 12:02:05	3	4	1	0
    60046	2016-08-30 12:02:32	3	4	1	0
    66073	2016-08-30 12:02:38	3	4	1	0
    81021	2016-08-30 12:02:48	3	4	1	0
    84023	2016-08-30 12:03:12	3	4	1	0
    89072	2016-08-30 12:03:19	3	4	1	0
    61020	2016-08-30 12:03:55	3	4	1	0
    63005	2016-08-30 12:04:00	3	4	1	0
    77059	2016-08-30 12:04:04	3	4	1	0
    95016	2016-08-30 12:04:16	3	4	1	0
    93050	2016-08-30 12:04:21	3	4	1	0
    90097	2016-08-30 12:04:24	3	4	15	0
    92068	2016-08-30 12:04:27	3	4	1	0
    92067	2016-08-30 12:04:39	3	4	1	0
    91064	2016-08-30 12:04:43	3	4	1	0
    72004	2016-08-30 12:04:50	3	4	1	0
    69016	2016-08-30 12:05:44	3	4	1	0
    95020	2016-08-30 12:06:01	3	4	1	0
    80079	2016-08-30 12:06:09	3	4	15	0
    61011	2016-08-30 12:07:06	3	4	15	0
    63012	2016-08-30 12:09:46	3	4	1	0
    80043	2016-08-30 12:09:52	3	4	1	0
    53014	2016-08-30 12:10:09	3	4	1	0
    73044	2016-08-30 12:10:31	3	4	1	0
    75103	2016-08-30 12:10:37	3	4	1	0
    65012	2016-08-30 12:10:46	3	4	1	0
    69065	2016-08-30 12:12:44	3	4	1	0
    90073	2016-08-30 12:13:06	3	4	1	0
    96004	2016-08-30 12:13:21	3	4	1	0
    78017	2016-08-30 12:17:18	3	4	1	0
    77021	2016-08-30 12:17:28	3	4	1	0
    84008	2016-08-30 12:20:11	3	4	1	0
    89022	2016-08-30 12:21:18	3	4	1	0
    89078	2016-08-30 12:24:38	3	4	1	0
    63004	2016-08-30 12:25:36	3	4	15	0
    64009	2016-08-30 12:27:32	3	4	1	0
    73044	2016-08-30 12:28:28	3	4	1	0
    84011	2016-08-30 12:29:49	3	4	1	0
    80043	2016-08-30 12:29:58	3	4	1	0
    80090	2016-08-30 12:30:17	3	4	1	0
    91024	2016-08-30 12:31:17	3	4	1	0
    79175	2016-08-30 12:32:45	3	4	1	0
    79112	2016-08-30 12:32:59	3	4	1	0
    73044	2016-08-30 12:33:49	3	4	1	0
    65012	2016-08-30 12:34:08	3	4	1	0
    79020	2016-08-30 12:35:35	3	4	1	0
    60046	2016-08-30 12:35:43	3	4	1	0
    95020	2016-08-30 12:36:07	3	4	1	0
    85012	2016-08-30 12:36:25	3	4	1	0
    65022	2016-08-30 12:36:38	3	4	1	0
    66001	2016-08-30 12:37:05	3	4	1	0
    69065	2016-08-30 12:37:15	3	4	15	0
    77104	2016-08-30 12:37:23	3	4	1	0
    53014	2016-08-30 12:37:45	3	4	1	0
    63012	2016-08-30 12:37:56	3	4	1	0
    88116	2016-08-30 12:38:03	3	4	15	0
    63004	2016-08-30 12:38:18	3	4	1	0
    76124	2016-08-30 12:38:21	3	4	1	0
    82100	2016-08-30 12:38:48	3	4	1	0
    69016	2016-08-30 12:38:57	3	4	1	0
    62011	2016-08-30 12:39:05	3	4	1	0
    88093	2016-08-30 12:39:39	3	4	1	0
    80079	2016-08-30 12:39:55	3	4	1	0
    93050	2016-08-30 12:40:06	3	4	15	0
    92067	2016-08-30 12:40:12	3	4	1	0
    92068	2016-08-30 12:40:17	3	4	1	0
    91064	2016-08-30 12:40:21	3	4	1	0
    76016	2016-08-30 12:40:30	3	4	1	0
    80053	2016-08-30 12:40:38	3	4	1	0
    90097	2016-08-30 12:40:42	3	4	15	0
    82149	2016-08-30 12:46:31	3	4	15	0
    98923	2016-08-30 12:46:59	3	4	1	0
    61020	2016-08-30 12:48:01	3	4	1	0
    90073	2016-08-30 12:48:15	3	4	1	0
    87131	2016-08-30 12:49:18	3	4	1	0
    89022	2016-08-30 12:55:31	3	4	1	0
    94025	2016-08-30 12:56:45	3	4	1	0
    88093	2016-08-30 15:07:01	3	4	1	0
    61020	2016-08-30 17:00:16	3	4	1	0
    79020	2016-08-30 17:00:24	3	4	1	0
    60046	2016-08-30 17:00:44	3	4	1	0
    83120	2016-08-30 17:01:21	3	4	1	0
    81021	2016-08-30 17:01:57	3	4	1	0
    66073	2016-08-30 17:02:08	3	4	1	0
    84023	2016-08-30 17:02:16	3	4	15	0
    89072	2016-08-30 17:02:32	3	4	1	0
    95020	2016-08-30 17:02:48	3	4	1	0
    79011	2016-08-30 17:03:04	3	4	1	0
    87129	2016-08-30 17:03:18	3	4	1	0
    98923	2016-08-30 17:03:25	3	4	1	0
    88116	2016-08-30 17:03:35	3	4	1	0
    84011	2016-08-30 17:04:09	3	4	1	0
    89080	2016-08-30 17:04:13	3	4	1	0
    69016	2016-08-30 17:04:43	3	4	1	0
    82100	2016-08-30 17:04:46	3	4	1	0
    84008	2016-08-30 17:04:56	3	4	1	0
    86075	2016-08-30 17:05:13	3	4	1	0
    87131	2016-08-30 17:05:25	3	4	1	0
    68057	2016-08-30 17:06:13	3	4	15	0
    69065	2016-08-30 17:06:17	3	4	15	0
    73049	2016-08-30 17:06:32	3	4	1	0
    76124	2016-08-30 17:07:34	3	4	1	0
    82156	2016-08-30 17:07:49	3	4	15	0
    89022	2016-08-30 17:08:24	3	4	1	0
    91024	2016-08-30 17:10:43	3	4	15	0
    63012	2016-08-30 17:12:00	3	4	1	0
    53014	2016-08-30 17:12:08	3	4	1	0
    73004	2016-08-30 17:12:31	3	4	1	0
    86027	2016-08-30 17:12:35	3	4	15	0
    75006	2016-08-30 17:12:42	3	4	1	0
    63004	2016-08-30 17:12:56	3	4	15	0
    83136	2016-08-30 17:13:20	3	4	15	0
    79112	2016-08-30 17:13:46	3	4	1	0
    61056	2016-08-30 17:16:23	3	4	1	0
    67010	2016-08-30 17:16:38	3	4	15	0
    93050	2016-08-30 17:20:12	3	4	15	0
    92067	2016-08-30 17:20:17	3	4	1	0
    91064	2016-08-30 17:20:19	3	4	1	0
    90097	2016-08-30 17:20:21	3	4	15	0
    92068	2016-08-30 17:20:24	3	4	1	0
    80043	2016-08-30 17:22:51	3	4	1	0
    80090	2016-08-30 17:23:21	3	4	15	0
    88020	2016-08-30 17:23:28	3	4	15	0
    76016	2016-08-30 17:38:37	3	4	15	0
    80053	2016-08-30 17:38:47	3	4	15	0
    80079	2016-08-30 17:38:49	3	4	1	0
    65012	2016-08-30 18:09:32	3	4	1	0
    73044	2016-08-30 18:48:27	3	4	15	0
    66001	2016-08-31 07:02:29	3	4	15	0
    67010	2016-08-31 07:22:57	3	4	15	0
    61011	2016-08-31 07:25:45	3	4	15	0
    82100	2016-08-31 07:36:05	3	4	1	0
    91064	2016-08-31 07:46:48	3	4	1	0
    92067	2016-08-31 07:49:34	3	4	1	0
    92068	2016-08-31 07:50:23	3	4	1	0
    90097	2016-08-31 07:52:52	3	4	15	0
    93050	2016-08-31 07:52:55	3	4	1	0
    95012	2016-08-31 08:02:15	3	4	1	0
    98746	2016-08-31 08:31:38	3	4	15	0
    86075	2016-08-31 12:01:37	3	4	1	0
    94025	2016-08-31 12:01:58	3	4	1	0
    98923	2016-08-31 12:02:01	3	4	1	0
    87131	2016-08-31 12:02:07	3	4	1	0
    73004	2016-08-31 12:02:22	3	4	1	0
    82100	2016-08-31 12:02:27	3	4	1	0
    88093	2016-08-31 12:02:43	3	4	1	0
    84023	2016-08-31 12:03:12	3	4	1	0
    79011	2016-08-31 12:03:21	3	4	1	0
    62008	2016-08-31 12:03:27	3	4	15	0
    60046	2016-08-31 12:03:55	3	4	1	0
    87129	2016-08-31 12:04:10	3	4	1	0
    66073	2016-08-31 12:04:21	3	4	1	0
    61020	2016-08-31 12:04:27	3	4	1	0
    95020	2016-08-31 12:04:33	3	4	1	0
    93009	2016-08-31 12:05:28	3	4	1	0
    77104	2016-08-31 12:05:46	3	4	15	0
    88116	2016-08-31 12:05:47	3	4	1	0
    79020	2016-08-31 12:06:11	3	4	1	0
    66001	2016-08-31 12:06:39	3	4	15	0
    79112	2016-08-31 12:06:51	3	4	1	0
    83153	2016-08-31 12:06:57	3	4	15	0
    80079	2016-08-31 12:07:19	3	4	15	0
    80053	2016-08-31 12:07:31	3	4	15	0
    89022	2016-08-31 12:07:41	3	4	1	0
    76016	2016-08-31 12:08:48	3	4	15	0
    90097	2016-08-31 12:09:47	3	4	15	0
    91064	2016-08-31 12:09:51	3	4	1	0
    92068	2016-08-31 12:09:58	3	4	1	0
    93050	2016-08-31 12:10:59	3	4	1	0
    92067	2016-08-31 12:11:03	3	4	1	0
    69065	2016-08-31 12:12:51	3	4	15	0
    53014	2016-08-31 12:13:23	3	4	1	0
    68057	2016-08-31 12:13:33	3	4	1	0
    96004	2016-08-31 12:14:16	3	4	1	0
    58005	2016-08-31 12:14:52	3	4	15	0
    90073	2016-08-31 12:15:11	3	4	1	0
    62011	2016-08-31 12:16:15	3	4	1	0
    60046	2016-08-31 12:16:35	3	4	1	0
    66009	2016-08-31 12:17:40	3	4	1	0
    64009	2016-08-31 12:18:27	3	4	1	0
    63004	2016-08-31 12:18:39	3	4	1	0
    70043	2016-08-31 12:20:29	3	4	15	0
    84011	2016-08-31 12:21:37	3	4	15	0
    74001	2016-08-31 12:21:53	3	4	15	0
    77021	2016-08-31 12:22:49	3	4	1	0
    73044	2016-08-31 12:23:03	3	4	1	0
    78017	2016-08-31 12:23:12	3	4	1	0
    75103	2016-08-31 12:23:23	3	4	1	0
    64009	2016-08-31 12:27:49	3	4	1	0
    65012	2016-08-31 12:28:17	3	4	1	0
    88020	2016-08-31 12:29:05	3	4	15	0
    63012	2016-08-31 12:29:13	3	4	1	0
    80043	2016-08-31 12:29:31	3	4	1	0
    91024	2016-08-31 12:29:53	3	4	1	0
    84011	2016-08-31 12:32:01	3	4	1	0
    74001	2016-08-31 12:32:12	3	4	1	0
    83136	2016-08-31 12:32:19	3	4	1	0
    82100	2016-08-31 12:32:26	3	4	1	0
    95020	2016-08-31 12:33:06	3	4	1	0
    88116	2016-08-31 12:33:47	3	4	15	0
    77104	2016-08-31 12:34:26	3	4	1	0
    89022	2016-08-31 12:34:43	3	4	1	0
    63005	2016-08-31 12:34:57	3	4	1	0
    80176	2016-08-31 12:35:08	3	4	1	0
    73044	2016-08-31 12:35:34	3	4	1	0
    60046	2016-08-31 12:35:43	3	4	1	0
    58005	2016-08-31 12:35:58	3	4	15	0
    62008	2016-08-31 12:36:08	3	4	15	0
    61056	2016-08-31 12:36:32	3	4	1	0
    84023	2016-08-31 12:36:44	3	4	1	0
    79112	2016-08-31 12:36:59	3	4	1	0
    79011	2016-08-31 12:37:16	3	4	1	0
    61020	2016-08-31 12:37:21	3	4	1	0
    69016	2016-08-31 12:37:44	3	4	1	0
    78017	2016-08-31 12:38:10	3	4	1	0
    77021	2016-08-31 12:38:19	3	4	1	0
    75103	2016-08-31 12:38:41	3	4	1	0
    69065	2016-08-31 12:38:51	3	4	15	0
    70043	2016-08-31 12:39:24	3	4	15	0
    79020	2016-08-31 12:39:58	3	4	1	0
    93009	2016-08-31 12:40:27	3	4	1	0
    85012	2016-08-31 12:40:35	3	4	1	0
    66001	2016-08-31 12:43:14	3	4	15	0
    60018	2016-08-31 12:44:09	3	4	15	0
    80079	2016-08-31 12:44:28	3	4	15	0
    53014	2016-08-31 12:45:05	3	4	1	0
    96004	2016-08-31 12:45:10	3	4	1	0
    67010	2016-08-31 12:46:36	3	4	15	0
    90073	2016-08-31 12:49:13	3	4	1	0
    89083	2016-08-31 12:49:27	3	4	1	0
    62011	2016-08-31 12:50:21	3	4	1	0
    76016	2016-08-31 12:50:51	3	4	15	0
    80053	2016-08-31 12:51:02	3	4	15	0
    92068	2016-08-31 12:51:27	3	4	1	0
    93020	2016-08-31 12:51:33	3	4	1	0
    94007	2016-08-31 12:51:41	3	4	1	0
    92067	2016-08-31 12:52:25	3	4	1	0
    93050	2016-08-31 12:53:43	3	4	1	0
    81009	2016-08-31 15:10:44	3	4	15	0
    84011	2016-08-31 17:00:57	3	4	1	0
    74001	2016-08-31 17:01:08	3	4	1	0
    79020	2016-08-31 17:01:16	3	4	1	0
    62009	2016-08-31 17:01:35	3	4	1	0
    62008	2016-08-31 17:01:46	3	4	1	0
    69016	2016-08-31 17:02:39	3	4	1	0
    95020	2016-08-31 17:02:48	3	4	1	0
    65012	2016-08-31 17:02:56	3	4	1	0
    88014	2016-08-31 17:03:23	3	4	1	0
    63005	2016-08-31 17:03:31	3	4	1	0
    84023	2016-08-31 17:03:37	3	4	15	0
    79011	2016-08-31 17:04:06	3	4	1	0
    89072	2016-08-31 17:04:13	3	4	1	0
    61020	2016-08-31 17:04:20	3	4	1	0
    62011	2016-08-31 17:04:36	3	4	1	0
    82100	2016-08-31 17:04:44	3	4	1	0
    84008	2016-08-31 17:04:51	3	4	1	0
    79175	2016-08-31 17:05:01	3	4	1	0
    70043	2016-08-31 17:05:07	3	4	1	0
    76124	2016-08-31 17:05:14	3	4	1	0
    87131	2016-08-31 17:05:22	3	4	1	0
    98923	2016-08-31 17:05:31	3	4	1	0
    69065	2016-08-31 17:06:58	3	4	15	0
    68057	2016-08-31 17:07:03	3	4	1	0
    75020	2016-08-31 17:07:07	3	4	1	0
    86075	2016-08-31 17:07:12	3	4	1	0
    91024	2016-08-31 17:07:56	3	4	1	0
    87129	2016-08-31 17:07:58	3	4	1	0
    63004	2016-08-31 17:08:56	3	4	1	0
    89022	2016-08-31 17:09:21	3	4	1	0
    88116	2016-08-31 17:09:37	3	4	1	0
    83136	2016-08-31 17:11:28	3	4	1	0
    89080	2016-08-31 17:11:38	3	4	1	0
    90073	2016-08-31 17:11:45	3	4	1	0
    85012	2016-08-31 17:12:02	3	4	1	0
    93009	2016-08-31 17:12:55	3	4	1	0
    82156	2016-08-31 17:14:15	3	4	15	0
    53014	2016-08-31 17:15:12	3	4	1	0
    63012	2016-08-31 17:15:30	3	4	1	0
    77104	2016-08-31 17:18:33	3	4	15	0
    86071	2016-08-31 17:19:21	3	4	15	0
    80043	2016-08-31 17:19:36	3	4	1	0
    88020	2016-08-31 17:21:09	3	4	15	0
    79044	2016-08-31 17:31:17	3	4	15	0
    80173	2016-08-31 17:31:38	3	4	15	0
    92069	2016-08-31 17:45:24	3	4	15	0
    89078	2016-08-31 17:45:29	3	4	1	0
    77021	2016-08-31 17:46:45	3	4	1	0
    73044	2016-08-31 17:47:25	3	4	15	0
    92067	2016-08-31 17:59:51	3	4	1	0
    92068	2016-08-31 18:03:00	3	4	1	0
    96004	2016-08-31 18:04:12	3	4	1	0
    66001	2016-09-01 07:09:18	3	4	1	0
    70043	2016-09-01 07:14:58	3	4	15	0
    67010	2016-09-01 07:25:57	3	4	15	0
    91064	2016-09-01 07:27:58	3	4	1	0
    86155	2016-09-01 07:41:09	3	4	15	0
    94039	2016-09-01 07:42:54	3	4	1	0
    95020	2016-09-01 07:47:28	3	4	1	0
    92068	2016-09-01 07:48:05	3	4	1	0
    92067	2016-09-01 07:49:06	3	4	1	0
    93050	2016-09-01 07:50:15	3	4	1	0
    74001	2016-09-01 07:58:13	3	4	1	0
    79022	2016-09-01 07:58:27	3	4	1	0
    60046	2016-09-01 07:58:39	3	4	1	0
    63012	2016-09-01 07:59:13	3	4	1	0
    87129	2016-09-01 08:53:04	3	4	1	0
    85096	2016-09-01 11:59:20	3	4	15	0
    86075	2016-09-01 12:00:22	3	4	1	0
    87129	2016-09-01 12:00:35	3	4	1	0
    94025	2016-09-01 12:00:42	3	4	1	0
    89080	2016-09-01 12:00:45	3	4	1	0
    87131	2016-09-01 12:00:51	3	4	1	0
    75020	2016-09-01 12:00:57	3	4	1	0
    63005	2016-09-01 12:01:07	3	4	1	0
    79011	2016-09-01 12:01:34	3	4	1	0
    84023	2016-09-01 12:01:39	3	4	1	0
    81021	2016-09-01 12:01:43	3	4	1	0
    61020	2016-09-01 12:01:49	3	4	1	0
    93009	2016-09-01 12:02:13	3	4	1	0
    54026	2016-09-01 12:02:26	3	4	1	0
    88014	2016-09-01 12:02:32	3	4	1	0
    95001	2016-09-01 12:02:41	3	4	1	0
    89072	2016-09-01 12:02:48	3	4	1	0
    88093	2016-09-01 12:02:57	3	4	1	0
    79175	2016-09-01 12:03:14	3	4	1	0
    95020	2016-09-01 12:03:34	3	4	1	0
    62008	2016-09-01 12:03:42	3	4	1	0
    86027	2016-09-01 12:03:50	3	4	1	0
    62009	2016-09-01 12:04:16	3	4	1	0
    68001	2016-09-01 12:04:37	3	4	1	0
    60046	2016-09-01 12:06:17	3	4	1	0
    88116	2016-09-01 12:06:23	3	4	1	0
    83136	2016-09-01 12:06:27	3	4	1	0
    77104	2016-09-01 12:06:52	3	4	1	0
    53014	2016-09-01 12:07:27	3	4	1	0
    89022	2016-09-01 12:07:31	3	4	1	0
    63012	2016-09-01 12:08:38	3	4	1	0
    96004	2016-09-01 12:08:49	3	4	1	0
    92067	2016-09-01 12:09:41	3	4	15	0
    92068	2016-09-01 12:09:49	3	4	1	0
    93050	2016-09-01 12:09:51	3	4	1	0
    90097	2016-09-01 12:10:33	3	4	1	0
    66001	2016-09-01 12:10:45	3	4	1	0
    68057	2016-09-01 12:11:00	3	4	1	0
    86155	2016-09-01 12:11:03	3	4	15	0
    78017	2016-09-01 12:11:06	3	4	1	0
    69065	2016-09-01 12:11:41	3	4	15	0
    92065	2016-09-01 12:13:28	3	4	1	0
    76124	2016-09-01 12:14:01	3	4	1	0
    93020	2016-09-01 12:14:13	3	4	1	0
    94039	2016-09-01 12:14:31	3	4	15	0
    76016	2016-09-01 12:15:52	3	4	15	0
    80079	2016-09-01 12:16:23	3	4	1	0
    79020	2016-09-01 12:16:34	3	4	15	0
    77021	2016-09-01 12:16:50	3	4	1	0
    85139	2016-09-01 12:17:23	3	4	15	0
    69016	2016-09-01 12:17:28	3	4	1	0
    89083	2016-09-01 12:17:38	3	4	15	0
    82149	2016-09-01 12:17:51	3	4	15	0
    96004	2016-09-01 12:18:15	3	4	1	0
    84011	2016-09-01 12:25:57	3	4	1	0
    74001	2016-09-01 12:26:06	3	4	15	0
    63004	2016-09-01 12:26:57	3	4	1	0
    79112	2016-09-01 12:27:19	3	4	1	0
    64009	2016-09-01 12:28:15	3	4	1	0
    76124	2016-09-01 12:28:22	3	4	1	0
    80090	2016-09-01 12:29:01	3	4	1	0
    88020	2016-09-01 12:29:18	3	4	15	0
    91024	2016-09-01 12:29:39	3	4	15	0
    74001	2016-09-01 12:31:47	3	4	1	0
    84011	2016-09-01 12:31:53	3	4	1	0
    79175	2016-09-01 12:32:09	3	4	1	0
    68070	2016-09-01 12:32:36	3	4	15	0
    61011	2016-09-01 12:33:49	3	4	15	0
    82149	2016-09-01 12:33:54	3	4	15	0
    83136	2016-09-01 12:34:22	3	4	1	0
    92065	2016-09-01 12:34:53	3	4	1	0
    96004	2016-09-01 12:34:59	3	4	1	0
    61020	2016-09-01 12:35:45	3	4	1	0
    53014	2016-09-01 12:35:54	3	4	1	0
    63012	2016-09-01 12:36:08	3	4	1	0
    73036	2016-09-01 12:36:26	3	4	1	0
    89080	2016-09-01 12:36:50	3	4	1	0
    69016	2016-09-01 12:36:59	3	4	1	0
    88093	2016-09-01 12:37:04	3	4	1	0
    87131	2016-09-01 12:37:19	3	4	1	0
    86075	2016-09-01 12:37:50	3	4	1	0
    69065	2016-09-01 12:37:59	3	4	15	0
    95008	2016-09-01 12:38:22	3	4	1	0
    63004	2016-09-01 12:38:26	3	4	1	0
    89078	2016-09-01 12:38:45	3	4	1	0
    86155	2016-09-01 12:38:59	3	4	1	0
    79112	2016-09-01 12:39:04	3	4	1	0
    65012	2016-09-01 12:39:14	3	4	1	0
    68057	2016-09-01 12:40:21	3	4	1	0
    81021	2016-09-01 12:41:00	3	4	1	0
    89072	2016-09-01 12:41:05	3	4	1	0
    62009	2016-09-01 12:41:36	3	4	1	0
    60046	2016-09-01 12:41:59	3	4	1	0
    68001	2016-09-01 12:42:11	3	4	1	0
    53016	2016-09-01 12:42:50	3	4	1	0
    77104	2016-09-01 12:43:24	3	4	1	0
    66001	2016-09-01 12:43:56	3	4	15	0
    87129	2016-09-01 12:45:42	3	4	1	0
    75103	2016-09-01 12:46:09	3	4	1	0
    95012	2016-09-01 12:46:27	3	4	1	0
    93009	2016-09-01 12:46:33	3	4	1	0
    80079	2016-09-01 12:47:39	3	4	1	0
    78017	2016-09-01 12:48:16	3	4	1	0
    77021	2016-09-01 12:48:29	3	4	1	0
    53014	2016-09-01 12:48:38	3	4	1	0
    76016	2016-09-01 12:48:54	3	4	15	0
    90073	2016-09-01 12:49:13	3	4	1	0
    79020	2016-09-01 12:49:37	3	4	15	0
    92004	2016-09-01 12:51:20	3	4	1	0
    89022	2016-09-01 12:53:35	3	4	1	0
    92067	2016-09-01 12:54:11	3	4	1	0
    92068	2016-09-01 12:54:14	3	4	1	0
    91064	2016-09-01 12:54:31	3	4	1	0
    90097	2016-09-01 12:55:14	3	4	1	0
    89083	2016-09-01 12:56:38	3	4	15	0
    82156	2016-09-01 12:56:53	3	4	15	0
    79020	2016-09-01 16:59:12	3	4	15	0
    60046	2016-09-01 17:00:10	3	4	1	0
    79175	2016-09-01 17:00:24	3	4	1	0
    84023	2016-09-01 17:00:33	3	4	1	0
    61020	2016-09-01 17:00:44	3	4	1	0
    68001	2016-09-01 17:01:29	3	4	15	0
    62008	2016-09-01 17:02:21	3	4	15	0
    62009	2016-09-01 17:02:38	3	4	1	0
    69016	2016-09-01 17:03:08	3	4	1	0
    89072	2016-09-01 17:03:15	3	4	1	0
    54026	2016-09-01 17:03:36	3	4	1	0
    84011	2016-09-01 17:03:58	3	4	15	0
    74001	2016-09-01 17:04:23	3	4	1	0
    66001	2016-09-01 17:05:17	3	4	15	0
    69065	2016-09-01 17:05:43	3	4	15	0
    68057	2016-09-01 17:05:50	3	4	1	0
    63005	2016-09-01 17:05:55	3	4	15	0
    98746	2016-09-01 17:06:23	3	4	15	0
    92065	2016-09-01 17:06:32	3	4	1	0
    87131	2016-09-01 17:06:35	3	4	1	0
    85139	2016-09-01 17:07:17	3	4	15	0
    93009	2016-09-01 17:07:22	3	4	1	0
    76124	2016-09-01 17:08:19	3	4	1	0
    81119	2016-09-01 17:08:34	3	4	1	0
    75020	2016-09-01 17:08:47	3	4	1	0
    83136	2016-09-01 17:10:12	3	4	1	0
    94039	2016-09-01 17:10:59	3	4	1	0
    89080	2016-09-01 17:11:16	3	4	1	0
    90073	2016-09-01 17:11:21	3	4	1	0
    86075	2016-09-01 17:11:25	3	4	1	0
    94025	2016-09-01 17:11:40	3	4	1	0
    70043	2016-09-01 17:11:50	3	4	15	0
    77021	2016-09-01 17:12:28	3	4	1	0
    84098	2016-09-01 17:12:52	3	4	15	0
    83153	2016-09-01 17:13:38	3	4	1	0
    89022	2016-09-01 17:13:44	3	4	1	0
    63004	2016-09-01 17:14:21	3	4	15	0
    91024	2016-09-01 17:15:06	3	4	15	0
    86155	2016-09-01 17:30:55	3	4	1	0
    80079	2016-09-01 17:37:18	3	4	15	0
    76016	2016-09-01 17:37:37	3	4	15	0
    94025	2016-09-01 17:37:41	3	4	15	0
    53014	2016-09-01 17:40:07	3	4	1	0
    63012	2016-09-01 17:40:25	3	4	1	0
    79112	2016-09-01 17:41:52	3	4	1	0
    61056	2016-09-01 17:49:47	3	4	1	0
    80090	2016-09-01 17:50:06	3	4	15	0
    88020	2016-09-01 17:50:18	3	4	15	0
    73044	2016-09-01 18:08:08	3	4	15	0
    98724	2016-09-01 18:08:35	3	4	15	0
    89078	2016-09-01 18:09:09	3	4	1	0
    82149	2016-09-01 18:09:16	3	4	1	0
    93020	2016-09-01 18:09:37	3	4	15	0
    93007	2016-09-01 18:10:05	3	4	1	0
    95008	2016-09-01 18:10:14	3	4	15	0
    96004	2016-09-01 18:58:18	3	4	1	0
    90097	2016-09-01 18:59:05	3	4	1	0
    91064	2016-09-01 19:06:58	3	4	15	0
    93050	2016-09-01 19:07:27	3	4	1	0
    92067	2016-09-01 19:07:37	3	4	1	0
    92068	2016-09-01 19:07:48	3	4	1	0
    96004	2016-09-02 07:02:32	3	4	1	0
    66001	2016-09-02 07:12:46	3	4	1	0
    92065	2016-09-02 07:20:33	3	4	1	0
    92067	2016-09-02 07:30:55	3	4	1	0
    91064	2016-09-02 07:32:44	3	4	1	0
    77104	2016-09-02 07:33:30	3	4	1	0
    66073	2016-09-02 07:46:55	3	4	1	0
    93020	2016-09-02 07:53:51	3	4	1	0
    95012	2016-09-02 07:55:49	3	4	1	0
    92068	2016-09-02 07:56:47	3	4	1	0
    74001	2016-09-02 07:57:29	3	4	1	0
    90073	2016-09-02 08:03:03	3	4	1	0
    98746	2016-09-02 08:59:09	3	4	15	0
    82156	2016-09-02 09:55:43	3	0	15	0
    94025	2016-09-02 09:57:03	3	0	15	0
    65033	2016-09-02 09:57:46	3	0	15	0
    87131	2016-09-02 09:58:22	3	0	15	0
    74001	2016-09-02 10:00:50	3	0	15	0
    82156	2016-09-02 10:02:47	3	0	15	0
    86143	2016-09-02 10:48:42	3	0	1	0
    98746	2016-09-02 10:49:38	3	0	15	0
    86027	2016-09-02 12:00:39	3	0	1	0
    92065	2016-09-02 12:00:47	3	0	1	0
    87131	2016-09-02 12:00:54	3	0	1	0
    85096	2016-09-02 12:01:15	3	0	1	0
    94025	2016-09-02 12:01:21	3	0	1	0
    86075	2016-09-02 12:01:36	3	0	1	0
    60046	2016-09-02 12:01:48	3	0	1	0
    87003	2016-09-02 12:01:55	3	0	1	0
    90073	2016-09-02 12:01:58	3	0	1	0
    61020	2016-09-02 12:02:36	3	0	1	0
    83136	2016-09-02 12:02:45	3	0	1	0
    95012	2016-09-02 12:02:59	3	0	1	0
    66073	2016-09-02 12:03:13	3	0	1	0
    89072	2016-09-02 12:03:20	3	0	1	0
    61011	2016-09-02 12:03:32	3	0	1	0
    79175	2016-09-02 12:03:58	3	0	1	0
    88116	2016-09-02 12:05:27	3	0	15	0
    95020	2016-09-02 12:05:48	3	0	1	0
    79020	2016-09-02 12:07:56	3	0	1	0
    90097	2016-09-02 12:08:37	3	0	1	0
    92067	2016-09-02 12:08:44	3	0	1	0
    91064	2016-09-02 12:08:50	3	0	1	0
    92068	2016-09-02 12:08:57	3	0	1	0
    84011	2016-09-02 12:09:21	3	0	1	0
    74001	2016-09-02 12:09:32	3	0	1	0
    95008	2016-09-02 12:09:46	3	0	1	0
    94039	2016-09-02 12:09:55	3	0	1	0
    73044	2016-09-02 12:10:10	3	0	15	0
    93050	2016-09-02 12:10:26	3	0	1	0
    89022	2016-09-02 12:10:36	3	0	1	0
    68057	2016-09-02 12:10:49	3	0	1	0
    79112	2016-09-02 12:10:59	3	0	1	0
    94007	2016-09-02 12:11:07	3	0	1	0
    77021	2016-09-02 12:11:36	3	0	1	0
    78017	2016-09-02 12:11:51	3	0	1	0
    65027	2016-09-02 12:12:20	3	0	1	0
    86155	2016-09-02 12:12:36	3	0	1	0
    53014	2016-09-02 12:12:45	3	0	1	0
    63012	2016-09-02 12:12:55	3	0	1	0
    89078	2016-09-02 12:13:02	3	0	1	0
    79117	2016-09-02 12:13:13	3	0	1	0
    69016	2016-09-02 12:14:07	3	0	1	0
    85036	2016-09-02 12:14:11	3	0	15	0
    88019	2016-09-02 12:14:12	3	0	1	0
    69065	2016-09-02 12:14:22	3	0	15	0
    71086	2016-09-02 12:14:46	3	0	15	0
    96004	2016-09-02 12:14:57	3	0	15	0
    63005	2016-09-02 12:15:56	3	0	1	0
    63004	2016-09-02 12:20:05	3	0	15	0
    85012	2016-09-02 12:20:48	3	0	1	0
    93009	2016-09-02 12:20:54	3	0	1	0
    83153	2016-09-02 12:27:58	3	0	1	0
    88020	2016-09-02 12:29:57	3	0	1	0
    61056	2016-09-02 12:31:09	3	0	1	0
    54034	2016-09-02 12:31:37	3	0	1	0
    86027	2016-09-02 12:32:18	3	0	1	0
    73066	2016-09-02 12:32:35	3	0	15	0
    83136	2016-09-02 12:32:38	3	0	1	0
    61011	2016-09-02 12:32:56	3	0	1	0
    79175	2016-09-02 12:33:40	3	0	1	0
    91064	2016-09-02 12:33:47	3	0	15	0
    64037	2016-09-02 12:35:20	3	0	1	0
    75046	2016-09-02 12:36:07	3	0	15	0
    90094	2016-09-02 12:36:13	3	0	1	0
    83038	2016-09-02 12:36:26	3	0	1	0
    91011	2016-09-02 12:36:35	3	0	15	0
    60046	2016-09-02 12:37:45	3	0	1	0
    92067	2016-09-02 12:37:57	3	0	1	0
    93050	2016-09-02 12:38:18	3	0	1	0
    92068	2016-09-02 12:38:31	3	0	1	0
    70043	2016-09-02 12:39:05	3	0	15	0
    69065	2016-09-02 12:39:15	3	0	15	0
    66073	2016-09-02 12:40:00	3	0	1	0
    89072	2016-09-02 12:40:05	3	0	1	0
    79112	2016-09-02 12:40:17	3	0	1	0
    85012	2016-09-02 12:40:22	3	0	1	0
    93009	2016-09-02 12:40:31	3	0	1	0
    81021	2016-09-02 12:40:39	3	0	1	0
    84008	2016-09-02 12:40:46	3	0	1	0
    69016	2016-09-02 12:40:59	3	0	1	0
    77021	2016-09-02 12:41:04	3	0	1	0
    86155	2016-09-02 12:41:45	3	0	15	0
    89078	2016-09-02 12:41:51	3	0	1	0
    88093	2016-09-02 12:42:01	3	0	1	0
    72080	2016-09-02 12:42:19	3	0	1	0
    73044	2016-09-02 12:42:39	3	0	15	0
    94007	2016-09-02 12:42:48	3	0	1	0
    95008	2016-09-02 12:42:51	3	0	1	0
    85036	2016-09-02 12:43:36	3	0	15	0
    88019	2016-09-02 12:45:57	3	0	1	0
    58005	2016-09-02 12:46:20	3	0	1	0
    65033	2016-09-02 12:46:34	3	0	15	0
    62009	2016-09-02 12:46:38	3	0	1	0
    69052	2016-09-02 12:47:11	3	0	15	0
    61020	2016-09-02 12:47:25	3	0	1	0
    65029	2016-09-02 12:47:31	3	0	1	0
    68045	2016-09-02 12:47:37	3	0	1	0
    74001	2016-09-02 12:47:50	3	0	1	0
    84011	2016-09-02 12:47:58	3	0	1	0
    68001	2016-09-02 12:48:06	3	0	1	0
    79020	2016-09-02 12:48:15	3	0	1	0
    96004	2016-09-02 12:48:33	3	0	15	0
    80079	2016-09-02 12:48:45	3	0	1	0
    89022	2016-09-02 12:48:49	3	0	1	0
    77059	2016-09-02 12:48:57	3	0	1	0
    66033	2016-09-02 12:50:04	3	0	1	0
    79022	2016-09-02 12:55:12	3	0	1	0
    60046	2016-09-02 17:00:07	3	0	1	0
    83160	2016-09-02 17:00:23	3	0	1	0
    62009	2016-09-02 17:00:29	3	0	1	0
    68001	2016-09-02 17:00:34	3	0	1	0
    72004	2016-09-02 17:00:39	3	0	15	0
    66009	2016-09-02 17:00:44	3	0	1	0
    66073	2016-09-02 17:00:57	3	0	1	0
    61020	2016-09-02 17:01:13	3	0	1	0
    86159	2016-09-02 17:01:19	3	0	1	0
    89072	2016-09-02 17:01:25	3	0	1	0
    95020	2016-09-02 17:01:31	3	0	1	0
    69016	2016-09-02 17:01:41	3	0	1	0
    62008	2016-09-02 17:01:49	3	0	1	0
    88014	2016-09-02 17:01:54	3	0	1	0
    86027	2016-09-02 17:02:02	3	0	1	0
    78159	2016-09-02 17:02:14	3	0	1	0
    79175	2016-09-02 17:02:23	3	0	1	0
    53016	2016-09-02 17:03:08	3	0	15	0
    63005	2016-09-02 17:03:13	3	0	1	0
    61011	2016-09-02 17:03:20	3	0	1	0
    66001	2016-09-02 17:03:39	3	0	1	0
    79022	2016-09-02 17:03:43	3	0	1	0
    84011	2016-09-02 17:03:55	3	0	15	0
    85096	2016-09-02 17:04:02	3	0	15	0
    74001	2016-09-02 17:04:08	3	0	1	0
    87131	2016-09-02 17:04:14	3	0	1	0
    98746	2016-09-02 17:04:17	3	0	15	0
    79020	2016-09-02 17:04:22	3	0	1	0
    54026	2016-09-02 17:04:27	3	0	1	0
    64001	2016-09-02 17:04:51	3	0	1	0
    65012	2016-09-02 17:04:55	3	0	1	0
    81021	2016-09-02 17:04:59	3	0	1	0
    81119	2016-09-02 17:05:13	3	0	1	0
    84008	2016-09-02 17:05:53	3	0	1	0
    91024	2016-09-02 17:06:01	3	0	15	0
    95012	2016-09-02 17:06:14	3	0	1	0
    88116	2016-09-02 17:06:18	3	0	1	0
    77104	2016-09-02 17:06:22	3	0	1	0
    89022	2016-09-02 17:06:26	3	0	1	0
    95016	2016-09-02 17:07:03	3	0	1	0
    75020	2016-09-02 17:08:23	3	0	1	0
    77059	2016-09-02 17:08:58	3	0	1	0
    70043	2016-09-02 17:09:11	3	0	15	0
    77021	2016-09-02 17:09:17	3	0	15	0
    60018	2016-09-02 17:09:35	3	0	1	0
    68057	2016-09-02 17:09:44	3	0	1	0
    69065	2016-09-02 17:10:05	3	0	15	0
    75103	2016-09-02 17:10:17	3	0	1	0
    94039	2016-09-02 17:10:25	3	0	15	0
    83153	2016-09-02 17:10:36	3	0	1	0
    63004	2016-09-02 17:11:09	3	0	15	0
    53014	2016-09-02 17:11:41	3	0	1	0
    91064	2016-09-02 17:11:54	3	0	1	0
    92067	2016-09-02 17:12:00	3	0	1	0
    93050	2016-09-02 17:12:07	3	0	1	0
    90097	2016-09-02 17:12:11	3	0	1	0
    78017	2016-09-02 17:14:38	3	0	1	0
    87129	2016-09-02 17:14:50	3	0	1	0
    82156	2016-09-02 17:14:53	3	0	15	0
    86075	2016-09-02 17:15:42	3	0	15	0
    89080	2016-09-02 17:16:24	3	0	1	0
    90073	2016-09-02 17:16:26	3	0	1	0
    94025	2016-09-02 17:17:11	3	0	1	0
    96004	2016-09-02 17:17:29	3	0	15	0
    93009	2016-09-02 17:17:35	3	0	15	0
    85139	2016-09-02 17:25:58	3	0	1	0
    93007	2016-09-02 17:28:04	3	0	15	0
    86155	2016-09-02 17:28:17	3	0	1	0
    89078	2016-09-02 17:28:49	3	0	1	0
    63012	2016-09-02 17:29:06	3	0	1	0
    92004	2016-09-02 17:29:12	3	0	1	0
    79112	2016-09-02 17:29:17	3	0	1	0
    95008	2016-09-02 17:29:33	3	0	15	0
    94007	2016-09-02 17:29:47	3	0	15	0
    73044	2016-09-02 17:30:09	3	0	15	0
    93020	2016-09-02 17:30:25	3	0	1	0
    98724	2016-09-02 17:30:37	3	0	15	0
    82149	2016-09-02 17:30:41	3	0	1	0
    89083	2016-09-02 17:31:05	3	0	1	0
    87003	2016-09-02 17:31:12	3	0	1	0
    88020	2016-09-02 17:31:36	3	0	15	0
    80090	2016-09-02 17:31:51	3	0	15	0
    80079	2016-09-02 17:55:51	3	0	15	0
    76016	2016-09-02 17:56:06	3	0	15	0
    80053	2016-09-02 17:56:28	3	0	1	0
    64088	2016-09-04 14:30:33	3	0	15	0
    63005	2016-09-05 06:39:31	3	0	15	0
    89022	2016-09-05 06:43:37	3	0	15	0
    67010	2016-09-05 06:44:15	3	0	1	0
    92065	2016-09-05 06:50:06	3	0	1	0
    96004	2016-09-05 07:02:09	3	0	15	0
    94007	2016-09-05 07:05:30	3	0	1	0
    66073	2016-09-05 07:05:38	3	0	15	0
    92067	2016-09-05 07:07:14	3	0	15	0
    66001	2016-09-05 07:07:16	3	0	15	0
    90097	2016-09-05 07:20:19	3	0	1	0
    93050	2016-09-05 07:20:24	3	0	1	0
    76016	2016-09-05 07:24:30	3	0	1	0
    82156	2016-09-05 07:25:18	3	0	1	0
    82149	2016-09-05 07:25:21	3	0	1	0
    81119	2016-09-05 07:28:56	3	0	1	0
    86075	2016-09-05 07:30:43	3	0	15	0
    77104	2016-09-05 07:33:28	3	0	1	0
    62011	2016-09-05 07:34:52	3	0	1	0
    92068	2016-09-05 07:35:04	3	0	1	0
    92067	2016-09-05 07:36:44	3	0	15	0
    84011	2016-09-05 07:39:23	3	0	1	0
    88014	2016-09-05 07:39:29	3	0	1	0
    95016	2016-09-05 07:47:27	3	0	1	0
    75006	2016-09-05 07:48:54	3	0	15	0
    91064	2016-09-05 07:49:43	3	0	1	0
    89080	2016-09-05 08:00:32	3	0	1	0
    60046	2016-09-05 08:02:51	3	0	1	0
    98746	2016-09-05 08:14:41	3	0	15	0
    93007	2016-09-05 08:29:06	3	0	1	0
    92004	2016-09-05 08:48:28	3	0	1	0
    67011	2016-09-05 12:00:05	3	0	1	0
    79011	2016-09-05 12:00:12	3	0	1	0
    85012	2016-09-05 12:00:17	3	0	1	0
    93009	2016-09-05 12:00:23	3	0	1	0
    86027	2016-09-05 12:00:29	3	0	1	0
    94025	2016-09-05 12:00:35	3	0	1	0
    83136	2016-09-05 12:00:40	3	0	1	0
    87129	2016-09-05 12:00:45	3	0	1	0
    88014	2016-09-05 12:00:52	3	0	1	0
    54026	2016-09-05 12:01:03	3	0	1	0
    61020	2016-09-05 12:01:14	3	0	1	0
    95001	2016-09-05 12:01:19	3	0	1	0
    88093	2016-09-05 12:01:21	3	0	1	0
    85096	2016-09-05 12:01:26	3	0	1	0
    86075	2016-09-05 12:01:33	3	0	1	0
    82017	2016-09-05 12:01:37	3	0	1	0
    79175	2016-09-05 12:01:43	3	0	1	0
    81021	2016-09-05 12:01:48	3	0	1	0
    63005	2016-09-05 12:01:53	3	0	1	0
    75020	2016-09-05 12:01:57	3	0	1	0
    95012	2016-09-05 12:02:00	3	0	1	0
    79020	2016-09-05 12:02:03	3	0	1	0
    82156	2016-09-05 12:02:08	3	0	1	0
    89080	2016-09-05 12:02:10	3	0	1	0
    92065	2016-09-05 12:02:14	3	0	1	0
    84011	2016-09-05 12:02:22	3	0	1	0
    74001	2016-09-05 12:02:29	3	0	15	0
    95020	2016-09-05 12:02:43	3	0	1	0
    96004	2016-09-05 12:02:59	3	0	15	0
    76023	2016-09-05 12:03:13	3	0	1	0
    75103	2016-09-05 12:03:19	3	0	1	0
    98746	2016-09-05 12:03:25	3	0	1	0
    87131	2016-09-05 12:03:32	3	0	1	0
    67010	2016-09-05 12:03:37	3	0	1	0
    93050	2016-09-05 12:03:42	3	0	1	0
    92068	2016-09-05 12:03:46	3	0	1	0
    92067	2016-09-05 12:03:51	3	0	1	0
    91064	2016-09-05 12:03:54	3	0	1	0
    61011	2016-09-05 12:03:59	3	0	1	0
    95016	2016-09-05 12:04:09	3	0	1	0
    76135	2016-09-05 12:04:27	3	0	1	0
    80176	2016-09-05 12:04:36	3	0	1	0
    88116	2016-09-05 12:04:47	3	0	1	0
    68001	2016-09-05 12:04:53	3	0	1	0
    75006	2016-09-05 12:04:58	3	0	1	0
    64014	2016-09-05 12:05:02	3	0	15	0
    87134	2016-09-05 12:05:09	3	0	1	0
    84008	2016-09-05 12:05:21	3	0	1	0
    68057	2016-09-05 12:05:34	3	0	1	0
    79022	2016-09-05 12:05:40	3	0	1	0
    86155	2016-09-05 12:05:46	3	0	1	0
    63034	2016-09-05 12:05:50	3	0	1	0
    90097	2016-09-05 12:07:01	3	0	1	0
    80150	2016-09-05 12:07:12	3	0	1	0
    63004	2016-09-05 12:07:29	3	0	1	0
    72004	2016-09-05 12:07:38	3	0	1	0
    69016	2016-09-05 12:08:28	3	0	1	0
    66009	2016-09-05 12:08:40	3	0	1	0
    64001	2016-09-05 12:09:11	3	0	1	0
    66001	2016-09-05 12:09:16	3	0	1	0
    83160	2016-09-05 12:09:37	3	0	1	0
    62009	2016-09-05 12:10:07	3	0	1	0
    62011	2016-09-05 12:10:12	3	0	1	0
    73044	2016-09-05 12:10:26	3	0	1	0
    82100	2016-09-05 12:10:38	3	0	1	0
    89089	2016-09-05 12:11:12	3	0	1	0
    71116	2016-09-05 12:11:22	3	0	1	0
    53016	2016-09-05 12:11:30	3	0	15	0
    77021	2016-09-05 12:11:56	3	0	1	0
    79112	2016-09-05 12:12:18	3	0	1	0
    77104	2016-09-05 12:13:29	3	0	1	0
    78121	2016-09-05 12:13:36	3	0	15	0
    78017	2016-09-05 12:13:59	3	0	1	0
    89078	2016-09-05 12:14:53	3	0	1	0
    93007	2016-09-05 12:15:10	3	0	1	0
    93020	2016-09-05 12:15:15	3	0	1	0
    89022	2016-09-05 12:15:20	3	0	1	0
    95008	2016-09-05 12:15:24	3	0	1	0
    60046	2016-09-05 12:15:28	3	0	1	0
    94007	2016-09-05 12:15:53	3	0	1	0
    53014	2016-09-05 12:17:00	3	0	1	0
    60018	2016-09-05 12:18:32	3	0	1	0
    63012	2016-09-05 12:18:56	3	0	1	0
    77059	2016-09-05 12:19:31	3	0	1	0
    86142	2016-09-05 12:19:37	3	0	1	0
    81058	2016-09-05 12:19:54	3	0	1	0
    72025	2016-09-05 12:20:06	3	0	1	0
    81074	2016-09-05 12:20:35	3	0	1	0
    83085	2016-09-05 12:20:44	3	0	1	0
    82149	2016-09-05 12:20:57	3	0	15	0
    81119	2016-09-05 12:21:11	3	0	1	0
    73036	2016-09-05 12:21:24	3	0	1	0
    92004	2016-09-05 12:22:54	3	0	1	0
    70043	2016-09-05 12:24:49	3	0	15	0
    89083	2016-09-05 12:26:40	3	0	1	0
    85139	2016-09-05 12:26:43	3	0	1	0
    64009	2016-09-05 12:28:21	3	0	1	0
    88020	2016-09-05 12:29:49	3	0	1	0
    80090	2016-09-05 12:29:53	3	0	1	0
    91024	2016-09-05 12:29:59	3	0	1	0
    80043	2016-09-05 12:30:09	3	0	1	0
    83153	2016-09-05 12:30:13	3	0	1	0
    90097	2016-09-05 12:31:41	3	0	1	0
    83136	2016-09-05 12:31:44	3	0	1	0
    91064	2016-09-05 12:31:48	3	0	1	0
    92067	2016-09-05 12:31:53	3	0	1	0
    93050	2016-09-05 12:31:59	3	0	1	0
    92068	2016-09-05 12:32:01	3	0	1	0
    76135	2016-09-05 12:32:33	3	0	15	0
    80176	2016-09-05 12:32:47	3	0	1	0
    61011	2016-09-05 12:33:16	3	0	15	0
    92065	2016-09-05 12:34:05	3	0	1	0
    79175	2016-09-05 12:34:30	3	0	15	0
    62009	2016-09-05 12:35:31	3	0	1	0
    71086	2016-09-05 12:36:06	3	0	1	0
    66009	2016-09-05 12:36:15	3	0	15	0
    68057	2016-09-05 12:36:30	3	0	1	0
    83160	2016-09-05 12:36:39	3	0	1	0
    60018	2016-09-05 12:36:46	3	0	1	0
    96004	2016-09-05 12:37:09	3	0	15	0
    53014	2016-09-05 12:38:07	3	0	1	0
    79020	2016-09-05 12:38:20	3	0	1	0
    72004	2016-09-05 12:38:36	3	0	1	0
    77104	2016-09-05 12:38:49	3	0	1	0
    88116	2016-09-05 12:38:54	3	0	15	0
    82100	2016-09-05 12:39:00	3	0	1	0
    95016	2016-09-05 12:39:07	3	0	1	0
    70043	2016-09-05 12:39:16	3	0	15	0
    75103	2016-09-05 12:39:36	3	0	1	0
    78017	2016-09-05 12:39:52	3	0	1	0
    77021	2016-09-05 12:40:07	3	0	1	0
    95020	2016-09-05 12:40:14	3	0	1	0
    53016	2016-09-05 12:40:24	3	0	15	0
    86155	2016-09-05 12:40:57	3	0	1	0
    84008	2016-09-05 12:41:12	3	0	1	0
    76124	2016-09-05 12:41:30	3	0	1	0
    81119	2016-09-05 12:41:38	3	0	1	0
    82149	2016-09-05 12:41:47	3	0	15	0
    89080	2016-09-05 12:41:58	3	0	1	0
    87131	2016-09-05 12:42:03	3	0	1	0
    89083	2016-09-05 12:42:07	3	0	1	0
    98746	2016-09-05 12:42:11	3	0	1	0
    85139	2016-09-05 12:42:15	3	0	1	0
    60046	2016-09-05 12:42:23	3	0	1	0
    73036	2016-09-05 12:42:44	3	0	1	0
    79112	2016-09-05 12:42:52	3	0	1	0
    89078	2016-09-05 12:43:28	3	0	1	0
    62011	2016-09-05 12:43:47	3	0	1	0
    93007	2016-09-05 12:43:52	3	0	1	0
    95008	2016-09-05 12:44:04	3	0	1	0
    94007	2016-09-05 12:44:07	3	0	1	0
    93020	2016-09-05 12:44:28	3	0	1	0
    63004	2016-09-05 12:45:01	3	0	1	0
    64001	2016-09-05 12:45:11	3	0	1	0
    66001	2016-09-05 12:45:26	3	0	1	0
    86142	2016-09-05 12:45:39	3	0	15	0
    81074	2016-09-05 12:46:06	3	0	1	0
    81058	2016-09-05 12:46:14	3	0	1	0
    83085	2016-09-05 12:46:26	3	0	1	0
    72025	2016-09-05 12:46:34	3	0	1	0
    68001	2016-09-05 12:46:42	3	0	1	0
    80150	2016-09-05 12:46:52	3	0	1	0
    61056	2016-09-05 12:46:55	3	0	1	0
    57007	2016-09-05 12:47:02	3	0	1	0
    79020	2016-09-05 12:47:49	3	0	1	0
    85012	2016-09-05 12:47:57	3	0	1	0
    82017	2016-09-05 12:48:10	3	0	1	0
    63012	2016-09-05 12:48:15	3	0	1	0
    95012	2016-09-05 12:48:29	3	0	1	0
    76016	2016-09-05 12:48:57	3	0	1	0
    80053	2016-09-05 12:49:11	3	0	1	0
    89022	2016-09-05 12:49:14	3	0	1	0
    92004	2016-09-05 12:52:39	3	0	1	0
    88014	2016-09-05 12:54:29	3	0	1	0
    77059	2016-09-05 12:58:46	3	0	1	0
    62011	2016-09-05 13:06:49	3	0	1	0
