    64009	2016-09-05 17:00:02	1	0	1	0
    59027	2016-09-05 17:00:09	1	0	1	0
    60006	2016-09-05 17:00:20	1	0	1	0
    61006	2016-09-05 17:00:34	1	0	1	0
    64010	2016-09-05 17:00:40	1	0	1	0
    67002	2016-09-05 17:00:44	1	0	1	0
    72100	2016-09-05 17:00:52	1	0	1	0
    92050	2016-09-05 17:00:58	1	0	1	0
    61013	2016-09-05 17:01:03	1	0	1	0
    74020	2016-09-05 17:01:08	1	0	1	0
    88034	2016-09-05 17:01:13	1	0	1	0
    90076	2016-09-05 17:01:21	1	0	1	0
    86153	2016-09-05 17:01:25	1	0	1	0
    71090	2016-09-05 17:01:29	1	0	1	0
    74040	2016-09-05 17:01:34	1	0	15	0
    58008	2016-09-05 17:01:48	1	0	1	0
    61004	2016-09-05 17:01:56	1	0	15	0
    92069	2016-09-05 17:02:05	1	0	1	0
    87124	2016-09-05 17:02:09	1	0	1	0
    87123	2016-09-05 17:02:19	1	0	1	0
    55002	2016-09-05 17:02:23	1	0	1	0
    80114	2016-09-05 17:02:29	1	0	1	0
    78012	2016-09-05 17:02:31	1	0	15	0
    73001	2016-09-05 17:02:37	1	0	1	0
    83120	2016-09-05 17:02:43	1	0	1	0
    91063	2016-09-05 17:02:48	1	0	1	0
    69046	2016-09-05 17:02:54	1	0	1	0
    71121	2016-09-05 17:03:03	1	0	1	0
    62027	2016-09-05 17:03:13	1	0	1	0
    67055	2016-09-05 17:03:22	1	0	1	0
    94020	2016-09-05 17:03:33	1	0	1	0
    87106	2016-09-05 17:03:39	1	0	1	0
    76139	2016-09-05 17:03:43	1	0	1	0
    57062	2016-09-05 17:03:51	1	0	1	0
    66073	2016-09-05 17:04:01	1	0	1	0
    52003	2016-09-05 17:04:14	1	0	1	0
    65007	2016-09-05 17:04:19	1	0	1	0
    85064	2016-09-05 17:04:24	1	0	1	0
    86079	2016-09-05 17:04:31	1	0	1	0
    76135	2016-09-05 17:04:41	1	0	1	0
    68045	2016-09-05 17:04:51	1	0	1	0
    57008	2016-09-05 17:04:57	1	0	1	0
    86083	2016-09-05 17:05:03	1	0	1	0
    80176	2016-09-05 17:05:09	1	0	1	0
    61012	2016-09-05 17:05:20	1	0	1	0
    57015	2016-09-05 17:05:29	1	0	1	0
    58077	2016-09-05 17:05:44	1	0	1	0
    85036	2016-09-05 17:06:02	1	0	1	0
    85005	2016-09-05 17:06:07	1	0	1	0
    75057	2016-09-05 17:06:10	1	0	1	0
    59005	2016-09-05 17:06:14	1	0	1	0
    91042	2016-09-05 17:06:20	1	0	15	0
    95024	2016-09-05 17:06:27	1	0	15	0
    56001	2016-09-05 17:06:38	1	0	15	0
    91012	2016-09-05 17:06:56	1	0	1	0
    75020	2016-09-05 17:08:04	1	0	1	0
    76075	2016-09-05 17:08:13	1	0	15	0
    75048	2016-09-05 17:09:01	1	0	1	0
    85143	2016-09-05 17:10:29	1	0	1	0
    79020	2016-09-05 17:11:25	1	0	15	0
    63004	2016-09-05 17:11:45	1	0	15	0
    88093	2016-09-05 17:11:50	1	0	1	0
    85012	2016-09-05 17:11:57	1	0	1	0
    81163	2016-09-05 17:12:18	1	0	15	0
    93009	2016-09-05 17:13:45	1	0	1	0
    60018	2016-09-05 17:14:11	1	0	1	0
    79022	2016-09-05 17:23:49	1	0	1	0
    80053	2016-09-05 17:24:16	1	0	1	0
    76016	2016-09-05 17:24:36	1	0	1	0
    80043	2016-09-05 17:26:13	1	0	1	0
    63012	2016-09-05 17:26:23	1	0	1	0
    80090	2016-09-05 17:28:28	1	0	1	0
    87003	2016-09-05 17:35:41	1	0	1	0
    61056	2016-09-05 17:35:45	1	0	1	0
    87060	2016-09-05 18:09:55	1	0	1	0
    57015	2016-09-06 05:38:40	1	0	1	0
    60015	2016-09-06 06:20:17	1	0	1	0
    54026	2016-09-06 06:22:09	1	0	1	0
    60006	2016-09-06 06:23:42	1	0	1	0
    96006	2016-09-06 07:01:55	1	0	1	0
    60018	2016-09-06 07:03:44	1	0	1	0
    59028	2016-09-06 07:06:04	1	0	15	0
    59005	2016-09-06 07:07:48	1	0	1	0
    59009	2016-09-06 07:08:38	1	0	1	0
    83153	2016-09-06 07:08:55	1	0	1	0
    76135	2016-09-06 07:12:48	1	0	15	0
    71093	2016-09-06 07:13:01	1	0	1	0
    64009	2016-09-06 07:13:13	1	0	1	0
    63060	2016-09-06 07:16:51	1	0	1	0
    68057	2016-09-06 07:23:22	1	0	1	0
    61013	2016-09-06 07:24:04	1	0	1	0
    76016	2016-09-06 07:25:14	1	0	15	0
    85090	2016-09-06 07:25:23	1	0	1	0
    74009	2016-09-06 07:25:55	1	0	1	0
    86143	2016-09-06 07:26:51	1	0	15	0
    92071	2016-09-06 07:30:20	1	0	1	0
    88100	2016-09-06 07:32:09	1	0	1	0
    95024	2016-09-06 07:38:04	1	0	1	0
    74020	2016-09-06 07:38:15	1	0	1	0
    64019	2016-09-06 07:39:11	1	0	1	0
    65024	2016-09-06 07:39:48	1	0	1	0
    77104	2016-09-06 07:39:55	1	0	1	0
    87060	2016-09-06 07:40:18	1	0	1	0
    64001	2016-09-06 07:40:42	1	0	1	0
    69005	2016-09-06 07:41:22	1	0	1	0
    63049	2016-09-06 07:41:28	1	0	1	0
    72100	2016-09-06 07:42:19	1	0	1	0
    53014	2016-09-06 07:44:03	1	0	1	0
    87134	2016-09-06 07:44:31	1	0	1	0
    83160	2016-09-06 07:44:42	1	0	1	0
    72038	2016-09-06 07:44:59	1	0	1	0
    85144	2016-09-06 07:45:14	1	0	1	0
    82111	2016-09-06 07:45:19	1	0	1	0
    62009	2016-09-06 07:45:36	1	0	1	0
    56061	2016-09-06 07:45:54	1	0	1	0
    73001	2016-09-06 07:46:09	1	0	1	0
    86153	2016-09-06 07:46:19	1	0	1	0
    64062	2016-09-06 07:47:04	1	0	1	0
    61006	2016-09-06 07:47:14	1	0	1	0
    87008	2016-09-06 07:47:54	1	0	1	0
    90010	2016-09-06 07:48:36	1	0	1	0
    84156	2016-09-06 07:48:49	1	0	1	0
    67065	2016-09-06 07:48:59	1	0	15	0
    80114	2016-09-06 07:49:07	1	0	1	0
    86083	2016-09-06 07:50:23	1	0	1	0
    98903	2016-09-06 07:50:45	1	0	1	0
    82010	2016-09-06 07:50:50	1	0	1	0
    92004	2016-09-06 07:51:37	1	0	1	0
    82027	2016-09-06 07:51:42	1	0	1	0
    88014	2016-09-06 07:51:49	1	0	1	0
    71090	2016-09-06 07:51:56	1	0	1	0
    82043	2016-09-06 07:52:00	1	0	1	0
    67002	2016-09-06 07:52:07	1	0	1	0
    92069	2016-09-06 07:52:16	1	0	1	0
    58008	2016-09-06 07:52:25	1	0	1	0
    74040	2016-09-06 07:52:30	1	0	15	0
    92063	2016-09-06 07:52:44	1	0	1	0
    71007	2016-09-06 07:53:43	1	0	1	0
    88093	2016-09-06 07:53:51	1	0	1	0
    91012	2016-09-06 07:54:35	1	0	1	0
    88034	2016-09-06 07:54:51	1	0	1	0
    94020	2016-09-06 07:54:57	1	0	1	0
    59027	2016-09-06 07:55:09	1	0	1	0
    80005	2016-09-06 07:55:39	1	0	1	0
    79022	2016-09-06 07:55:59	1	0	1	0
    63055	2016-09-06 07:56:09	1	0	1	0
    92050	2016-09-06 07:56:14	1	0	1	0
    90076	2016-09-06 07:56:17	1	0	1	0
    88024	2016-09-06 07:56:22	1	0	1	0
    61012	2016-09-06 07:57:11	1	0	1	0
    60007	2016-09-06 07:57:22	1	0	1	0
    76078	2016-09-06 07:58:23	1	0	1	0
    75057	2016-09-06 07:58:29	1	0	1	0
    83003	2016-09-06 07:58:37	1	0	1	0
    85137	2016-09-06 07:58:54	1	0	1	0
    94010	2016-09-06 07:58:59	1	0	1	0
    64021	2016-09-06 07:59:07	1	0	1	0
    95012	2016-09-06 07:59:43	1	0	1	0
    87107	2016-09-06 08:00:21	1	0	1	0
    91042	2016-09-06 08:00:25	1	0	15	0
    80079	2016-09-06 08:02:40	1	0	1	0
    52003	2016-09-06 08:02:49	1	0	1	0
    58004	2016-09-06 08:02:55	1	0	1	0
    69081	2016-09-06 08:03:02	1	0	1	0
    86019	2016-09-06 08:03:07	1	0	1	0
    92039	2016-09-06 08:03:11	1	0	1	0
    53016	2016-09-06 08:03:21	1	0	15	0
    61004	2016-09-06 08:03:32	1	0	1	0
    63012	2016-09-06 08:03:37	1	0	1	0
    80053	2016-09-06 08:04:20	1	0	1	0
    84023	2016-09-06 08:04:29	1	0	1	0
    53032	2016-09-06 08:05:05	1	0	15	0
    63034	2016-09-06 08:05:09	1	0	1	0
    64014	2016-09-06 08:05:16	1	0	1	0
    83007	2016-09-06 08:05:20	1	0	1	0
    78012	2016-09-06 08:05:24	1	0	1	0
    54027	2016-09-06 08:05:55	1	0	1	0
    89078	2016-09-06 08:06:41	1	0	1	0
    65007	2016-09-06 08:07:36	1	0	1	0
    78002	2016-09-06 08:07:45	1	0	1	0
    85064	2016-09-06 08:07:53	1	0	1	0
    63004	2016-09-06 08:08:50	1	0	1	0
    88020	2016-09-06 08:08:58	1	0	1	0
    89080	2016-09-06 08:10:49	1	0	1	0
    86071	2016-09-06 08:11:38	1	0	15	0
    68045	2016-09-06 08:13:49	1	0	1	0
    83101	2016-09-06 08:14:04	1	0	15	0
    80043	2016-09-06 08:14:10	1	0	1	0
    57003	2016-09-06 08:16:11	1	0	1	0
    65074	2016-09-06 08:16:17	1	0	1	0
    57062	2016-09-06 08:16:59	1	0	1	0
    86079	2016-09-06 08:19:21	1	0	1	0
    75048	2016-09-06 08:19:36	1	0	1	0
    82090	2016-09-06 08:19:47	1	0	1	0
    88018	2016-09-06 08:23:01	1	0	15	0
    64010	2016-09-06 08:24:36	1	0	1	0
    59005	2016-09-06 11:57:39	1	2	1	0
    65056	2016-09-06 12:00:06	1	2	1	0
    75057	2016-09-06 12:00:19	1	2	1	0
    85064	2016-09-06 12:00:23	1	2	1	0
    86083	2016-09-06 12:00:27	1	2	1	0
    72100	2016-09-06 12:00:30	1	2	1	0
    91042	2016-09-06 12:00:35	1	2	1	0
    95024	2016-09-06 12:00:38	1	2	1	0
    83007	2016-09-06 12:00:43	1	2	1	0
    57003	2016-09-06 12:00:51	1	2	1	0
    61004	2016-09-06 12:00:58	1	2	15	0
    74020	2016-09-06 12:01:10	1	2	1	0
    73001	2016-09-06 12:01:15	1	2	1	0
    85090	2016-09-06 12:01:24	1	2	1	0
    86011	2016-09-06 12:01:36	1	2	1	0
    87131	2016-09-06 12:01:45	1	2	1	0
    75020	2016-09-06 12:01:51	1	2	1	0
    58004	2016-09-06 12:01:56	1	2	1	0
    73004	2016-09-06 12:02:31	1	2	15	0
    86143	2016-09-06 12:02:42	1	2	1	0
    74029	2016-09-06 12:02:57	1	2	15	0
    58008	2016-09-06 12:03:21	1	2	1	0
    57062	2016-09-06 12:03:34	1	2	1	0
    86019	2016-09-06 12:03:40	1	2	1	0
    57015	2016-09-06 12:03:46	1	2	1	0
    92039	2016-09-06 12:03:59	1	2	1	0
    92077	2016-09-06 12:04:04	1	2	1	0
    54034	2016-09-06 12:04:19	1	2	1	0
    82010	2016-09-06 12:04:29	1	2	1	0
    64021	2016-09-06 12:04:33	1	2	1	0
    76075	2016-09-06 12:04:44	1	2	1	0
    61013	2016-09-06 12:04:51	1	2	1	0
    67010	2016-09-06 12:04:58	1	2	1	0
    86079	2016-09-06 12:05:06	1	2	1	0
    88034	2016-09-06 12:05:28	1	2	1	0
    71090	2016-09-06 12:05:37	1	2	1	0
    95027	2016-09-06 12:05:41	1	2	15	0
    95028	2016-09-06 12:05:48	1	2	1	0
    74040	2016-09-06 12:06:02	1	2	15	0
    64010	2016-09-06 12:06:16	1	2	15	0
    61006	2016-09-06 12:06:26	1	2	15	0
    84053	2016-09-06 12:06:59	1	2	1	0
    83003	2016-09-06 12:07:06	1	2	1	0
    64087	2016-09-06 12:07:43	1	2	15	0
    78012	2016-09-06 12:08:22	1	2	1	0
    90076	2016-09-06 12:08:25	1	2	1	0
    80114	2016-09-06 12:09:42	1	2	1	0
    87106	2016-09-06 12:09:54	1	2	1	0
    55002	2016-09-06 12:10:47	1	2	1	0
    83101	2016-09-06 12:10:54	1	2	15	0
    84098	2016-09-06 12:11:24	1	2	1	0
    56001	2016-09-06 12:11:56	1	2	15	0
    88100	2016-09-06 12:12:52	1	2	1	0
    69005	2016-09-06 12:13:59	1	2	1	0
    83003	2016-09-06 12:14:03	1	2	1	0
    82027	2016-09-06 12:14:06	1	2	1	0
    65008	2016-09-06 12:14:11	1	2	1	0
    70007	2016-09-06 12:14:16	1	2	1	0
    68056	2016-09-06 12:14:33	1	2	1	0
    56061	2016-09-06 12:14:39	1	2	1	0
    67055	2016-09-06 12:16:11	1	2	1	0
    90079	2016-09-06 12:16:16	1	2	1	0
    59027	2016-09-06 12:18:50	1	2	1	0
    92069	2016-09-06 12:20:19	1	2	1	0
    95013	2016-09-06 12:20:22	1	2	1	0
    75048	2016-09-06 12:22:17	1	2	1	0
    52003	2016-09-06 12:22:29	1	2	1	0
    65007	2016-09-06 12:25:22	1	2	1	0
    88018	2016-09-06 12:26:42	1	2	15	0
    59027	2016-09-06 12:31:16	1	2	1	0
    86143	2016-09-06 12:31:23	1	2	15	0
    76075	2016-09-06 12:31:30	1	2	15	0
    83160	2016-09-06 12:31:46	1	2	1	0
    71090	2016-09-06 12:31:50	1	2	1	0
    72100	2016-09-06 12:31:54	1	2	1	0
    90095	2016-09-06 12:32:03	1	2	1	0
    55002	2016-09-06 12:32:20	1	2	1	0
    82027	2016-09-06 12:32:39	1	2	1	0
    86011	2016-09-06 12:32:59	1	2	1	0
    81161	2016-09-06 12:33:09	1	2	1	0
    57062	2016-09-06 12:33:16	1	2	1	0
    88034	2016-09-06 12:33:35	1	2	1	0
    74020	2016-09-06 12:33:46	1	2	1	0
    54034	2016-09-06 12:34:22	1	2	1	0
    52003	2016-09-06 12:35:10	1	2	1	0
    65007	2016-09-06 12:35:33	1	2	1	0
    70007	2016-09-06 12:35:50	1	2	1	0
    95017	2016-09-06 12:35:55	1	2	1	0
    94037	2016-09-06 12:36:20	1	2	15	0
    56061	2016-09-06 12:36:41	1	2	1	0
    58004	2016-09-06 12:36:52	1	2	1	0
    95014	2016-09-06 12:36:56	1	2	1	0
    85090	2016-09-06 12:37:01	1	2	1	0
    88100	2016-09-06 12:37:27	1	2	1	0
    80176	2016-09-06 12:37:52	1	2	1	0
    73001	2016-09-06 12:37:59	1	2	1	0
    73049	2016-09-06 12:38:10	1	2	1	0
    78012	2016-09-06 12:39:24	1	2	15	0
    83101	2016-09-06 12:40:16	1	2	15	0
    91042	2016-09-06 12:40:22	1	2	15	0
    95024	2016-09-06 12:40:33	1	2	1	0
    83007	2016-09-06 12:40:35	1	2	15	0
    83003	2016-09-06 12:40:39	1	2	1	0
    57015	2016-09-06 12:40:46	1	2	1	0
    64021	2016-09-06 12:41:02	1	2	1	0
    86009	2016-09-06 12:41:23	1	2	1	0
    86019	2016-09-06 12:41:52	1	2	1	0
    61013	2016-09-06 12:42:00	1	2	1	0
    77013	2016-09-06 12:42:16	1	2	15	0
    64010	2016-09-06 12:43:18	1	2	1	0
    84156	2016-09-06 12:43:35	1	2	1	0
    80114	2016-09-06 12:45:04	1	2	1	0
    72080	2016-09-06 12:45:41	1	2	1	0
    56001	2016-09-06 12:45:53	1	2	15	0
    87106	2016-09-06 12:47:09	1	2	1	0
    63060	2016-09-06 12:47:42	1	2	1	0
    57003	2016-09-06 12:48:33	1	2	1	0
    61006	2016-09-06 12:49:09	1	2	1	0
    63034	2016-09-06 12:49:48	1	2	1	0
    65012	2016-09-06 12:50:03	1	2	1	0
    94020	2016-09-06 12:52:14	1	2	1	0
    59005	2016-09-06 12:53:02	1	2	1	0
    74040	2016-09-06 12:53:43	1	2	15	0
    92077	2016-09-06 12:54:45	1	2	1	0
    87129	2016-09-06 12:54:51	1	2	1	0
    64086	2016-09-06 12:54:57	1	2	1	0
    84011	2016-09-06 12:58:40	1	2	1	0
    86083	2016-09-06 12:59:28	1	2	1	0
    67002	2016-09-06 13:01:02	1	2	1	0
    75006	2016-09-06 13:01:12	1	2	1	0
    75057	2016-09-06 13:01:17	1	2	1	0
    86079	2016-09-06 13:01:23	1	2	1	0
    75048	2016-09-06 13:10:07	1	2	1	0
    79081	2016-09-06 13:23:20	1	2	1	0
    64009	2016-09-06 17:00:02	1	1	1	0
    60046	2016-09-06 17:00:08	1	1	1	0
    59027	2016-09-06 17:00:12	1	1	1	0
    60006	2016-09-06 17:00:17	1	1	1	0
    86143	2016-09-06 17:00:22	1	1	1	0
    95017	2016-09-06 17:00:25	1	1	1	0
    95014	2016-09-06 17:00:28	1	1	1	0
    77013	2016-09-06 17:00:32	1	1	15	0
    67002	2016-09-06 17:00:36	1	1	1	0
    58004	2016-09-06 17:00:45	1	1	1	0
    84098	2016-09-06 17:00:50	1	1	1	0
    67065	2016-09-06 17:00:57	1	1	1	0
    83120	2016-09-06 17:01:02	1	1	1	0
    61013	2016-09-06 17:01:12	1	1	1	0
    55002	2016-09-06 17:01:19	1	1	1	0
    61004	2016-09-06 17:01:26	1	1	15	0
    64010	2016-09-06 17:01:32	1	1	1	0
    98903	2016-09-06 17:01:36	1	1	1	0
    98904	2016-09-06 17:01:40	1	1	1	0
    72100	2016-09-06 17:01:43	1	1	1	0
    86083	2016-09-06 17:01:47	1	1	1	0
    92063	2016-09-06 17:01:51	1	1	1	0
    57062	2016-09-06 17:01:56	1	1	1	0
    92039	2016-09-06 17:01:59	1	1	1	0
    56061	2016-09-06 17:02:05	1	1	1	0
    58008	2016-09-06 17:02:11	1	1	1	0
    73001	2016-09-06 17:02:25	1	1	1	0
    78012	2016-09-06 17:02:31	1	1	1	0
    69046	2016-09-06 17:02:39	1	1	1	0
    88034	2016-09-06 17:02:52	1	1	1	0
    57003	2016-09-06 17:02:59	1	1	1	0
    74020	2016-09-06 17:03:05	1	1	1	0
    90076	2016-09-06 17:03:10	1	1	1	0
    71090	2016-09-06 17:03:15	1	1	1	0
    74040	2016-09-06 17:03:29	1	1	15	0
    80114	2016-09-06 17:03:36	1	1	1	0
    61006	2016-09-06 17:04:02	1	1	1	0
    87106	2016-09-06 17:04:06	1	1	1	0
    65007	2016-09-06 17:04:11	1	1	1	0
    86011	2016-09-06 17:04:15	1	1	1	0
    57015	2016-09-06 17:04:29	1	1	1	0
    68045	2016-09-06 17:04:39	1	1	1	0
    86079	2016-09-06 17:04:48	1	1	1	0
    74009	2016-09-06 17:05:41	1	1	1	0
    71116	2016-09-06 17:06:10	1	1	1	0
    85064	2016-09-06 17:08:06	1	1	1	0
    75020	2016-09-06 17:08:13	1	1	15	0
    75057	2016-09-06 17:08:21	1	1	1	0
    59005	2016-09-06 17:09:17	1	1	1	0
    80176	2016-09-06 17:09:34	1	1	1	0
    83101	2016-09-06 17:09:54	1	1	15	0
    88018	2016-09-06 17:09:59	1	1	15	0
    83003	2016-09-06 17:10:09	1	1	1	0
    94020	2016-09-06 17:10:18	1	1	1	0
    91042	2016-09-06 17:10:30	1	1	1	0
    58006	2016-09-06 17:11:14	1	1	15	0
    77110	2016-09-06 17:11:31	1	1	1	0
    60007	2016-09-06 17:11:50	1	1	1	0
    95024	2016-09-06 17:12:54	1	1	1	0
    83007	2016-09-06 17:12:57	1	1	1	0
    81163	2016-09-06 17:14:32	1	1	15	0
    75048	2016-09-06 17:15:18	1	1	1	0
    85012	2016-09-06 17:17:56	1	1	1	0
    93009	2016-09-06 17:18:07	1	1	1	0
    88093	2016-09-06 17:19:15	1	1	1	0
    83136	2016-09-06 17:21:10	1	1	1	0
    82010	2016-09-06 17:21:40	1	1	1	0
    76057	2016-09-06 17:23:10	1	1	1	0
    79022	2016-09-06 17:26:43	1	1	1	0
    81090	2016-09-06 17:30:48	1	1	1	0
    79020	2016-09-06 17:31:27	1	1	15	0
    61012	2016-09-06 17:42:06	1	1	1	0
    61056	2016-09-06 18:07:41	1	1	1	0
    80043	2016-09-06 18:07:52	1	1	1	0
    88020	2016-09-06 18:08:11	1	1	15	0
    71086	2016-09-06 18:42:28	1	1	1	0
    88100	2016-09-06 18:47:46	1	1	15	0
    57015	2016-09-07 05:45:28	1	1	1	0
    60015	2016-09-07 06:20:10	1	1	1	0
    54026	2016-09-07 06:22:04	1	1	1	0
    76135	2016-09-07 06:54:29	1	1	15	0
    59028	2016-09-07 07:05:39	1	1	15	0
    60018	2016-09-07 07:19:29	1	1	1	0
    68057	2016-09-07 07:24:15	1	1	1	0
    77110	2016-09-07 07:28:10	1	1	1	0
    65029	2016-09-07 07:30:13	1	1	1	0
    76016	2016-09-07 07:31:07	1	1	15	0
    64001	2016-09-07 07:33:04	1	1	1	0
    86143	2016-09-07 07:33:13	1	1	15	0
    77104	2016-09-07 07:33:21	1	1	1	0
    73050	2016-09-07 07:35:35	1	1	1	0
    95010	2016-09-07 07:36:24	1	1	1	0
    93009	2016-09-07 07:37:37	1	1	1	0
    79013	2016-09-07 07:39:19	1	1	1	0
    92071	2016-09-07 07:40:34	1	1	1	0
    72100	2016-09-07 07:40:42	1	1	1	0
    74020	2016-09-07 07:41:51	1	1	1	0
    88100	2016-09-07 07:42:41	1	1	1	0
    56061	2016-09-07 07:43:30	1	1	1	0
    86153	2016-09-07 07:43:36	1	1	1	0
    90076	2016-09-07 07:43:39	1	1	1	0
    84156	2016-09-07 07:44:00	1	1	1	0
    53014	2016-09-07 07:44:51	1	1	1	0
    83153	2016-09-07 07:44:57	1	1	1	0
    63006	2016-09-07 07:45:05	1	1	1	0
    79081	2016-09-07 07:45:13	1	1	1	0
    93013	2016-09-07 07:45:18	1	1	1	0
    95014	2016-09-07 07:45:22	1	1	1	0
    90010	2016-09-07 07:45:54	1	1	1	0
    88024	2016-09-07 07:46:08	1	1	1	0
    76078	2016-09-07 07:47:04	1	1	1	0
    70007	2016-09-07 07:47:08	1	1	1	0
    95017	2016-09-07 07:47:12	1	1	1	0
    85137	2016-09-07 07:47:23	1	1	1	0
    91011	2016-09-07 07:47:28	1	1	1	0
    86083	2016-09-07 07:47:33	1	1	1	0
    87134	2016-09-07 07:48:13	1	1	1	0
    62009	2016-09-07 07:49:20	1	1	1	0
    59027	2016-09-07 07:49:40	1	1	1	0
    64062	2016-09-07 07:49:49	1	1	1	0
    98903	2016-09-07 07:49:53	1	1	1	0
    88014	2016-09-07 07:49:58	1	1	1	0
    80114	2016-09-07 07:50:06	1	1	1	0
    64019	2016-09-07 07:50:24	1	1	1	0
    81163	2016-09-07 07:50:54	1	1	15	0
    83003	2016-09-07 07:51:07	1	1	1	0
    92063	2016-09-07 07:51:52	1	1	1	0
    92069	2016-09-07 07:53:13	1	1	1	0
    94020	2016-09-07 07:53:47	1	1	1	0
    83120	2016-09-07 07:54:48	1	1	1	0
    63060	2016-09-07 07:55:26	1	1	1	0
    66073	2016-09-07 07:56:43	1	1	15	0
    58077	2016-09-07 07:56:55	1	1	1	0
    82043	2016-09-07 07:58:04	1	1	1	0
    63034	2016-09-07 07:58:30	1	1	1	0
    61006	2016-09-07 07:59:24	1	1	1	0
    92004	2016-09-07 07:59:38	1	1	1	0
    88034	2016-09-07 07:59:45	1	1	1	0
    87106	2016-09-07 07:59:49	1	1	1	0
    75057	2016-09-07 07:59:54	1	1	1	0
    92050	2016-09-07 08:00:01	1	1	1	0
    53016	2016-09-07 08:00:09	1	1	15	0
    87107	2016-09-07 08:00:14	1	1	1	0
    89078	2016-09-07 08:00:18	1	1	1	0
    73001	2016-09-07 08:01:10	1	1	1	0
    52003	2016-09-07 08:01:20	1	1	1	0
    87008	2016-09-07 08:01:24	1	1	1	0
    82027	2016-09-07 08:01:28	1	1	1	0
    57003	2016-09-07 08:01:35	1	1	1	0
    95013	2016-09-07 08:02:07	1	1	1	0
    91042	2016-09-07 08:02:13	1	1	1	0
    93007	2016-09-07 08:02:17	1	1	1	0
    95024	2016-09-07 08:03:19	1	1	1	0
    77059	2016-09-07 08:03:55	1	1	1	0
    68045	2016-09-07 08:04:03	1	1	1	0
    71121	2016-09-07 08:04:09	1	1	1	0
    67002	2016-09-07 08:04:14	1	1	1	0
    92039	2016-09-07 08:04:20	1	1	1	0
    74040	2016-09-07 08:04:26	1	1	1	0
    57062	2016-09-07 08:04:36	1	1	1	0
    63004	2016-09-07 08:05:37	1	1	1	0
    64021	2016-09-07 08:06:08	1	1	1	0
    88020	2016-09-07 08:06:40	1	1	1	0
    94010	2016-09-07 08:06:47	1	1	1	0
    64010	2016-09-07 08:08:45	1	1	1	0
    91024	2016-09-07 08:09:13	1	1	1	0
    75048	2016-09-07 08:09:50	1	1	1	0
    78012	2016-09-07 08:09:57	1	1	1	0
    78085	2016-09-07 08:10:06	1	1	1	0
    65007	2016-09-07 08:13:10	1	1	1	0
    79011	2016-09-07 08:13:54	1	1	1	0
    86079	2016-09-07 08:15:24	1	1	15	0
    69081	2016-09-07 08:20:04	1	1	1	0
    88018	2016-09-07 08:22:22	1	1	15	0
    80053	2016-09-07 08:24:21	1	1	1	0
    65074	2016-09-07 08:34:41	1	1	1	0
    83101	2016-09-07 08:35:35	1	1	15	0
    58077	2016-09-07 12:00:07	1	2	1	0
    64001	2016-09-07 12:00:12	1	2	1	0
    69005	2016-09-07 12:00:17	1	2	1	0
    83120	2016-09-07 12:00:20	1	2	1	0
    86011	2016-09-07 12:00:26	1	2	1	0
    77144	2016-09-07 12:00:41	1	2	1	0
    73001	2016-09-07 12:00:52	1	2	1	0
    52003	2016-09-07 12:01:21	1	2	1	0
    64086	2016-09-07 12:01:31	1	2	1	0
    92077	2016-09-07 12:01:47	1	2	1	0
    89087	2016-09-07 12:01:54	1	2	1	0
    95013	2016-09-07 12:02:13	1	2	1	0
    92069	2016-09-07 12:02:17	1	2	1	0
    79103	2016-09-07 12:02:23	1	2	1	0
    86079	2016-09-07 12:02:28	1	2	1	0
    76135	2016-09-07 12:02:35	1	2	1	0
    75057	2016-09-07 12:02:42	1	2	1	0
    57015	2016-09-07 12:02:49	1	2	15	0
    80176	2016-09-07 12:03:03	1	2	1	0
    65007	2016-09-07 12:03:10	1	2	1	0
    88034	2016-09-07 12:03:17	1	2	1	0
    74020	2016-09-07 12:03:25	1	2	1	0
    90076	2016-09-07 12:03:34	1	2	1	0
    71090	2016-09-07 12:03:37	1	2	1	0
    57003	2016-09-07 12:03:43	1	2	1	0
    87106	2016-09-07 12:03:49	1	2	1	0
    94020	2016-09-07 12:04:31	1	2	1	0
    63052	2016-09-07 12:04:37	1	2	1	0
    64021	2016-09-07 12:05:11	1	2	1	0
    88061	2016-09-07 12:05:20	1	2	15	0
    92039	2016-09-07 12:06:08	1	2	1	0
    57062	2016-09-07 12:06:34	1	2	1	0
    72100	2016-09-07 12:06:42	1	2	1	0
    94010	2016-09-07 12:08:47	1	2	1	0
    76075	2016-09-07 12:09:05	1	2	1	0
    78012	2016-09-07 12:09:36	1	2	15	0
    63060	2016-09-07 12:11:04	1	2	1	0
    91042	2016-09-07 12:12:06	1	2	15	0
    61013	2016-09-07 12:12:24	1	2	1	0
    95024	2016-09-07 12:12:30	1	2	1	0
    80114	2016-09-07 12:14:10	1	2	15	0
    86153	2016-09-07 12:14:55	1	2	1	0
    61006	2016-09-07 12:15:39	1	2	1	0
    63005	2016-09-07 12:16:59	1	2	1	0
    83101	2016-09-07 12:17:41	1	2	15	0
    59027	2016-09-07 12:18:42	1	2	15	0
    88018	2016-09-07 12:23:00	1	2	15	0
    64010	2016-09-07 12:24:11	1	2	1	0
    81163	2016-09-07 12:25:48	1	2	15	0
    75048	2016-09-07 12:27:25	1	2	1	0
    86009	2016-09-07 12:31:03	1	2	1	0
    56061	2016-09-07 12:31:08	1	2	1	0
    77144	2016-09-07 12:31:18	1	2	1	0
    59027	2016-09-07 12:31:42	1	2	1	0
    94010	2016-09-07 12:33:03	1	2	1	0
    52003	2016-09-07 12:33:31	1	2	1	0
    62051	2016-09-07 12:33:44	1	2	1	0
    78012	2016-09-07 12:33:53	1	2	1	0
    65007	2016-09-07 12:34:10	1	2	1	0
    94037	2016-09-07 12:35:33	1	2	15	0
    91042	2016-09-07 12:35:45	1	2	15	0
    68045	2016-09-07 12:35:51	1	2	1	0
    95024	2016-09-07 12:35:56	1	2	1	0
    61006	2016-09-07 12:36:06	1	2	1	0
    86011	2016-09-07 12:36:41	1	2	1	0
    57015	2016-09-07 12:36:55	1	2	1	0
    94020	2016-09-07 12:38:07	1	2	1	0
    75048	2016-09-07 12:38:13	1	2	1	0
    80114	2016-09-07 12:38:21	1	2	1	0
    71090	2016-09-07 12:38:30	1	2	1	0
    72100	2016-09-07 12:41:02	1	2	1	0
    57062	2016-09-07 12:41:14	1	2	1	0
    73001	2016-09-07 12:43:49	1	2	1	0
    79081	2016-09-07 12:44:09	1	2	1	0
    87106	2016-09-07 12:44:13	1	2	1	0
    83101	2016-09-07 12:44:18	1	2	15	0
    76075	2016-09-07 12:44:32	1	2	1	0
    88018	2016-09-07 12:45:42	1	2	15	0
    86153	2016-09-07 12:47:06	1	2	1	0
    61013	2016-09-07 12:47:19	1	2	1	0
    80176	2016-09-07 12:47:25	1	2	1	0
    57003	2016-09-07 12:48:08	1	2	1	0
    75020	2016-09-07 12:48:58	1	2	1	0
    85064	2016-09-07 12:49:50	1	2	1	0
    86079	2016-09-07 12:49:55	1	2	1	0
    67002	2016-09-07 12:50:01	1	2	1	0
    86083	2016-09-07 12:50:18	1	2	1	0
    64010	2016-09-07 12:50:57	1	2	1	0
    65086	2016-09-07 12:51:07	1	2	15	0
    66073	2016-09-07 12:51:23	1	2	15	0
    84023	2016-09-07 12:51:46	1	2	1	0
    74020	2016-09-07 12:51:59	1	2	1	0
    83120	2016-09-07 12:53:00	1	2	1	0
    75058	2016-09-07 12:55:08	1	2	1	0
    78085	2016-09-07 12:56:02	1	2	15	0
    76135	2016-09-07 12:56:11	1	2	1	0
    75057	2016-09-07 13:01:06	1	2	1	0
    75006	2016-09-07 13:03:33	1	2	1	0
    80079	2016-09-07 13:06:26	1	2	1	0
    64009	2016-09-07 17:00:02	1	0	1	0
    59027	2016-09-07 17:00:07	1	0	1	0
    52003	2016-09-07 17:00:13	1	0	1	0
    65007	2016-09-07 17:00:18	1	0	1	0
    60046	2016-09-07 17:00:21	1	0	1	0
    57062	2016-09-07 17:00:26	1	0	1	0
    61013	2016-09-07 17:00:31	1	0	1	0
    98903	2016-09-07 17:00:35	1	0	1	0
    98904	2016-09-07 17:00:38	1	0	1	0
    61006	2016-09-07 17:00:43	1	0	1	0
    64010	2016-09-07 17:00:47	1	0	1	0
    57003	2016-09-07 17:00:52	1	0	1	0
    72100	2016-09-07 17:00:57	1	0	1	0
    71090	2016-09-07 17:01:01	1	0	1	0
    85064	2016-09-07 17:01:05	1	0	1	0
    74020	2016-09-07 17:01:12	1	0	1	0
    88034	2016-09-07 17:01:17	1	0	1	0
    80114	2016-09-07 17:01:22	1	0	1	0
    90076	2016-09-07 17:01:27	1	0	1	0
    87041	2016-09-07 17:01:35	1	0	1	0
    87113	2016-09-07 17:01:39	1	0	1	0
    68045	2016-09-07 17:01:45	1	0	1	0
    72080	2016-09-07 17:01:50	1	0	1	0
    92063	2016-09-07 17:01:54	1	0	1	0
    75057	2016-09-07 17:01:59	1	0	1	0
    83120	2016-09-07 17:02:05	1	0	1	0
    56061	2016-09-07 17:02:12	1	0	1	0
    86083	2016-09-07 17:02:17	1	0	1	0
    92039	2016-09-07 17:02:21	1	0	1	0
    78012	2016-09-07 17:02:24	1	0	15	0
    73001	2016-09-07 17:02:30	1	0	1	0
    71116	2016-09-07 17:02:40	1	0	1	0
    87057	2016-09-07 17:02:47	1	0	1	0
    57015	2016-09-07 17:02:53	1	0	1	0
    85090	2016-09-07 17:03:08	1	0	1	0
    77079	2016-09-07 17:03:14	1	0	1	0
    76076	2016-09-07 17:03:19	1	0	1	0
    94037	2016-09-07 17:03:23	1	0	1	0
    88018	2016-09-07 17:03:29	1	0	15	0
    94020	2016-09-07 17:03:37	1	0	1	0
    64087	2016-09-07 17:03:47	1	0	1	0
    92070	2016-09-07 17:03:53	1	0	1	0
    66083	2016-09-07 17:04:00	1	0	1	0
    79057	2016-09-07 17:04:05	1	0	1	0
    75036	2016-09-07 17:04:13	1	0	1	0
    86079	2016-09-07 17:04:19	1	0	1	0
    86029	2016-09-07 17:04:46	1	0	1	0
    66004	2016-09-07 17:04:50	1	0	1	0
    79081	2016-09-07 17:04:56	1	0	1	0
    54027	2016-09-07 17:05:04	1	0	1	0
    58077	2016-09-07 17:05:14	1	0	1	0
    75048	2016-09-07 17:05:23	1	0	1	0
    92069	2016-09-07 17:05:41	1	0	1	0
    95013	2016-09-07 17:05:45	1	0	1	0
    76135	2016-09-07 17:06:10	1	0	1	0
    80176	2016-09-07 17:06:17	1	0	1	0
    81163	2016-09-07 17:08:29	1	0	15	0
    83101	2016-09-07 17:08:35	1	0	15	0
    76075	2016-09-07 17:08:41	1	0	15	0
    95024	2016-09-07 17:08:46	1	0	1	0
    91042	2016-09-07 17:08:57	1	0	15	0
    75020	2016-09-07 17:09:05	1	0	1	0
    88093	2016-09-07 17:09:20	1	0	1	0
    63004	2016-09-07 17:10:41	1	0	15	0
    85012	2016-09-07 17:12:43	1	0	1	0
    93009	2016-09-07 17:14:02	1	0	1	0
    94010	2016-09-07 17:17:30	1	0	15	0
    64021	2016-09-07 17:17:36	1	0	15	0
    88100	2016-09-07 17:19:54	1	0	1	0
    67065	2016-09-07 17:21:35	1	0	15	0
    80043	2016-09-07 17:27:37	1	0	1	0
    88020	2016-09-07 17:27:48	1	0	15	0
    80090	2016-09-07 17:28:48	1	0	15	0
    57015	2016-09-08 05:44:50	1	0	1	0
    60015	2016-09-08 06:13:02	1	0	1	0
    54026	2016-09-08 06:14:27	1	0	1	0
    60006	2016-09-08 06:40:46	1	0	1	0
    76135	2016-09-08 07:05:33	1	0	15	0
    69046	2016-09-08 07:11:08	1	0	1	0
    59005	2016-09-08 07:12:00	1	0	1	0
    60018	2016-09-08 07:17:10	1	0	1	0
    68057	2016-09-08 07:21:10	1	0	1	0
    77013	2016-09-08 07:22:05	1	0	15	0
    69005	2016-09-08 07:22:29	1	0	1	0
    96006	2016-09-08 07:25:12	1	0	1	0
    83153	2016-09-08 07:26:03	1	0	1	0
    60046	2016-09-08 07:27:52	1	0	1	0
    92071	2016-09-08 07:28:01	1	0	1	0
    74040	2016-09-08 07:29:32	1	0	15	0
    88100	2016-09-08 07:29:40	1	0	1	0
    76078	2016-09-08 07:30:09	1	0	1	0
    94039	2016-09-08 07:30:18	1	0	15	0
    95014	2016-09-08 07:30:27	1	0	1	0
    85090	2016-09-08 07:33:57	1	0	1	0
    53014	2016-09-08 07:37:11	1	0	1	0
    62009	2016-09-08 07:37:16	1	0	1	0
    94020	2016-09-08 07:38:12	1	0	1	0
    88024	2016-09-08 07:38:55	1	0	1	0
    93013	2016-09-08 07:39:28	1	0	1	0
    60007	2016-09-08 07:39:34	1	0	1	0
    85137	2016-09-08 07:39:42	1	0	15	0
    92004	2016-09-08 07:39:49	1	0	1	0
    91063	2016-09-08 07:39:55	1	0	15	0
    77104	2016-09-08 07:41:13	1	0	1	0
    85088	2016-09-08 07:41:48	1	0	1	0
    77110	2016-09-08 07:42:35	1	0	1	0
    72038	2016-09-08 07:42:52	1	0	1	0
    76016	2016-09-08 07:43:09	1	0	1	0
    84152	2016-09-08 07:43:16	1	0	1	0
    56061	2016-09-08 07:43:21	1	0	1	0
    61012	2016-09-08 07:43:31	1	0	1	0
    83003	2016-09-08 07:43:57	1	0	1	0
    95017	2016-09-08 07:44:55	1	0	1	0
    80005	2016-09-08 07:48:11	1	0	1	0
    64019	2016-09-08 07:48:18	1	0	1	0
    71007	2016-09-08 07:48:26	1	0	1	0
    75057	2016-09-08 07:48:39	1	0	1	0
    90076	2016-09-08 07:48:47	1	0	1	0
    62066	2016-09-08 07:49:00	1	0	1	0
    82027	2016-09-08 07:49:04	1	0	1	0
    64062	2016-09-08 07:49:10	1	0	1	0
    92063	2016-09-08 07:49:15	1	0	1	0
    67065	2016-09-08 07:49:23	1	0	15	0
    82010	2016-09-08 07:49:51	1	0	1	0
    95013	2016-09-08 07:49:57	1	0	1	0
    72100	2016-09-08 07:50:00	1	0	1	0
    81163	2016-09-08 07:50:09	1	0	15	0
    59027	2016-09-08 07:50:13	1	0	1	0
    88034	2016-09-08 07:50:18	1	0	1	0
    80114	2016-09-08 07:50:22	1	0	1	0
    86153	2016-09-08 07:50:26	1	0	1	0
    61004	2016-09-08 07:50:31	1	0	15	0
    74009	2016-09-08 07:50:36	1	0	1	0
    95024	2016-09-08 07:50:44	1	0	1	0
    82043	2016-09-08 07:51:36	1	0	1	0
    91012	2016-09-08 07:52:05	1	0	1	0
    76139	2016-09-08 07:52:30	1	0	1	0
    83154	2016-09-08 07:52:39	1	0	1	0
    88120	2016-09-08 07:52:46	1	0	1	0
    87008	2016-09-08 07:52:48	1	0	1	0
    78002	2016-09-08 07:53:05	1	0	1	0
    91011	2016-09-08 07:53:41	1	0	1	0
    57062	2016-09-08 07:54:35	1	0	1	0
    65007	2016-09-08 07:54:48	1	0	1	0
    92050	2016-09-08 07:54:54	1	0	1	0
    85064	2016-09-08 07:55:05	1	0	1	0
    86019	2016-09-08 07:56:58	1	0	1	0
    85012	2016-09-08 07:57:02	1	0	1	0
    71090	2016-09-08 07:57:09	1	0	1	0
    92069	2016-09-08 07:57:32	1	0	1	0
    58008	2016-09-08 07:57:44	1	0	1	0
    70007	2016-09-08 07:58:04	1	0	1	0
    63004	2016-09-08 07:58:16	1	0	1	0
    61006	2016-09-08 07:58:55	1	0	1	0
    63060	2016-09-08 07:59:08	1	0	1	0
    67002	2016-09-08 07:59:22	1	0	1	0
    83120	2016-09-08 07:59:33	1	0	1	0
    67055	2016-09-08 07:59:35	1	0	1	0
    91042	2016-09-08 07:59:42	1	0	1	0
    63012	2016-09-08 07:59:49	1	0	1	0
    57003	2016-09-08 07:59:57	1	0	1	0
    89078	2016-09-08 08:01:13	1	0	1	0
    78012	2016-09-08 08:02:11	1	0	1	0
    87106	2016-09-08 08:02:26	1	0	1	0
    93007	2016-09-08 08:02:30	1	0	1	0
    68045	2016-09-08 08:03:13	1	0	1	0
    87107	2016-09-08 08:04:19	1	0	15	0
    88020	2016-09-08 08:04:28	1	0	1	0
    52003	2016-09-08 08:04:50	1	0	1	0
    75048	2016-09-08 08:05:47	1	0	1	0
    77059	2016-09-08 08:06:58	1	0	1	0
    84011	2016-09-08 08:07:03	1	0	1	0
    80053	2016-09-08 08:07:08	1	0	1	0
    88014	2016-09-08 08:07:11	1	0	1	0
    92077	2016-09-08 08:07:17	1	0	1	0
    78085	2016-09-08 08:07:57	1	0	1	0
    64010	2016-09-08 08:08:58	1	0	1	0
    90087	2016-09-08 08:09:09	1	0	1	0
    88019	2016-09-08 08:13:37	1	0	1	0
    65012	2016-09-08 08:14:40	1	0	1	0
    82048	2016-09-08 08:14:47	1	0	1	0
    58004	2016-09-08 08:20:00	1	0	1	0
    88018	2016-09-08 08:23:17	1	0	15	0
    73001	2016-09-08 08:28:12	1	0	1	0
    65074	2016-09-08 08:30:01	1	0	1	0
    82048	2016-09-08 11:59:09	1	0	15	0
    80114	2016-09-08 11:59:14	1	0	1	0
    65056	2016-09-08 11:59:19	1	0	1	0
    84098	2016-09-08 12:00:14	1	0	1	0
    57015	2016-09-08 12:00:19	1	0	1	0
    85064	2016-09-08 12:00:26	1	0	1	0
    86153	2016-09-08 12:00:32	1	0	1	0
    73004	2016-09-08 12:00:39	1	0	15	0
    73001	2016-09-08 12:01:02	1	0	1	0
    75057	2016-09-08 12:01:13	1	0	1	0
    71090	2016-09-08 12:01:24	1	0	1	0
    65007	2016-09-08 12:01:43	1	0	1	0
    58004	2016-09-08 12:01:53	1	0	1	0
    72080	2016-09-08 12:02:14	1	0	1	0
    90079	2016-09-08 12:02:32	1	0	1	0
    76075	2016-09-08 12:02:41	1	0	1	0
    81090	2016-09-08 12:02:55	1	0	1	0
    64062	2016-09-08 12:03:33	1	0	1	0
    65027	2016-09-08 12:03:59	1	0	1	0
    61004	2016-09-08 12:04:13	1	0	15	0
    87057	2016-09-08 12:04:17	1	0	1	0
    57062	2016-09-08 12:04:23	1	0	1	0
    72100	2016-09-08 12:04:47	1	0	1	0
    57003	2016-09-08 12:04:52	1	0	1	0
    94020	2016-09-08 12:05:07	1	0	1	0
    86011	2016-09-08 12:05:14	1	0	1	0
    82010	2016-09-08 12:05:24	1	0	1	0
    88034	2016-09-08 12:05:28	1	0	1	0
    92070	2016-09-08 12:05:36	1	0	1	0
    52003	2016-09-08 12:05:41	1	0	1	0
    92039	2016-09-08 12:05:46	1	0	1	0
    74040	2016-09-08 12:06:20	1	0	15	0
    58008	2016-09-08 12:07:09	1	0	1	0
    78012	2016-09-08 12:07:27	1	0	15	0
    80089	2016-09-08 12:07:35	1	0	1	0
    77013	2016-09-08 12:07:38	1	0	15	0
    96008	2016-09-08 12:07:45	1	0	1	0
    54026	2016-09-08 12:07:50	1	0	1	0
    87106	2016-09-08 12:08:00	1	0	1	0
    61006	2016-09-08 12:08:06	1	0	1	0
    77018	2016-09-08 12:08:15	1	0	15	0
    76139	2016-09-08 12:08:19	1	0	1	0
    88100	2016-09-08 12:08:36	1	0	1	0
    62052	2016-09-08 12:08:52	1	0	15	0
    60006	2016-09-08 12:10:23	1	0	1	0
    59005	2016-09-08 12:10:36	1	0	1	0
    75046	2016-09-08 12:11:51	1	0	15	0
    95024	2016-09-08 12:12:06	1	0	1	0
    77144	2016-09-08 12:13:07	1	0	1	0
    90076	2016-09-08 12:13:12	1	0	1	0
    64021	2016-09-08 12:13:18	1	0	1	0
    83101	2016-09-08 12:13:57	1	0	15	0
    91042	2016-09-08 12:14:01	1	0	15	0
    55002	2016-09-08 12:17:27	1	0	1	0
    59027	2016-09-08 12:18:17	1	0	1	0
    91063	2016-09-08 12:20:21	1	0	1	0
    64010	2016-09-08 12:25:31	1	0	1	0
    61013	2016-09-08 12:26:29	1	0	1	0
    74124	2016-09-08 12:29:47	1	0	1	0
    81161	2016-09-08 12:31:25	1	0	1	0
    81163	2016-09-08 12:31:38	1	0	15	0
    88100	2016-09-08 12:31:43	1	0	1	0
    94020	2016-09-08 12:31:47	1	0	15	0
    92063	2016-09-08 12:31:56	1	0	1	0
    78002	2016-09-08 12:32:01	1	0	1	0
    57003	2016-09-08 12:32:07	1	0	1	0
    73001	2016-09-08 12:32:17	1	0	1	0
    76075	2016-09-08 12:32:28	1	0	1	0
    95024	2016-09-08 12:32:34	1	0	1	0
    57062	2016-09-08 12:32:43	1	0	1	0
    61004	2016-09-08 12:32:51	1	0	1	0
    66073	2016-09-08 12:32:58	1	0	1	0
    59027	2016-09-08 12:33:03	1	0	1	0
    82027	2016-09-08 12:33:11	1	0	1	0
    73049	2016-09-08 12:33:16	1	0	1	0
    58004	2016-09-08 12:33:30	1	0	1	0
    78012	2016-09-08 12:33:35	1	0	1	0
    75048	2016-09-08 12:33:41	1	0	1	0
    55002	2016-09-08 12:34:03	1	0	1	0
    76139	2016-09-08 12:34:09	1	0	1	0
    86153	2016-09-08 12:34:22	1	0	1	0
    88034	2016-09-08 12:34:28	1	0	1	0
    71090	2016-09-08 12:34:33	1	0	1	0
    61006	2016-09-08 12:34:52	1	0	1	0
    77013	2016-09-08 12:35:00	1	0	15	0
    52003	2016-09-08 12:36:19	1	0	1	0
    77144	2016-09-08 12:36:54	1	0	1	0
    72080	2016-09-08 12:37:02	1	0	1	0
    60006	2016-09-08 12:37:20	1	0	1	0
    88018	2016-09-08 12:37:54	1	0	15	0
    83101	2016-09-08 12:38:39	1	0	15	0
    91042	2016-09-08 12:38:45	1	0	15	0
    61013	2016-09-08 12:38:58	1	0	15	0
    57015	2016-09-08 12:39:19	1	0	1	0
    72100	2016-09-08 12:40:31	1	0	1	0
    65007	2016-09-08 12:41:01	1	0	1	0
    92077	2016-09-08 12:41:16	1	0	1	0
    91070	2016-09-08 12:41:22	1	0	1	0
    64086	2016-09-08 12:41:31	1	0	1	0
    86011	2016-09-08 12:41:41	1	0	1	0
    68045	2016-09-08 12:41:52	1	0	1	0
    58053	2016-09-08 12:41:57	1	0	15	0
    87106	2016-09-08 12:43:02	1	0	1	0
    81090	2016-09-08 12:45:19	1	0	1	0
    65027	2016-09-08 12:45:34	1	0	1	0
    94037	2016-09-08 12:45:49	1	0	15	0
    64010	2016-09-08 12:47:08	1	0	1	0
    85064	2016-09-08 12:48:43	1	0	1	0
    84023	2016-09-08 12:50:00	1	0	1	0
    59005	2016-09-08 12:52:22	1	0	1	0
    83120	2016-09-08 12:53:35	1	0	1	0
    74040	2016-09-08 12:57:51	1	0	1	0
    63060	2016-09-08 12:58:32	1	0	1	0
    75057	2016-09-08 12:58:44	1	0	1	0
    79011	2016-09-08 12:58:51	1	0	1	0
    82048	2016-09-08 13:03:55	1	0	1	0
    80114	2016-09-08 13:04:04	1	0	1	0
    73004	2016-09-08 13:06:44	1	0	1	0
    86083	2016-09-08 13:06:53	1	0	1	0
    80053	2016-09-08 13:20:09	1	0	1	0
    64009	2016-09-08 17:00:03	1	0	1	0
    60046	2016-09-08 17:00:09	1	0	1	0
    59027	2016-09-08 17:00:14	1	0	1	0
    60006	2016-09-08 17:00:19	1	0	1	0
    64010	2016-09-08 17:00:24	1	0	1	0
    63060	2016-09-08 17:00:31	1	0	1	0
    85064	2016-09-08 17:00:35	1	0	1	0
    58004	2016-09-08 17:00:40	1	0	1	0
    61006	2016-09-08 17:00:46	1	0	1	0
    62066	2016-09-08 17:00:51	1	0	1	0
    91063	2016-09-08 17:00:56	1	0	1	0
    55002	2016-09-08 17:01:02	1	0	1	0
    61013	2016-09-08 17:01:07	1	0	1	0
    58008	2016-09-08 17:01:15	1	0	1	0
    87124	2016-09-08 17:01:21	1	0	1	0
    87123	2016-09-08 17:01:26	1	0	1	0
    72080	2016-09-08 17:01:31	1	0	1	0
    72038	2016-09-08 17:01:36	1	0	1	0
    92050	2016-09-08 17:01:40	1	0	1	0
    86153	2016-09-08 17:01:44	1	0	1	0
    57003	2016-09-08 17:01:49	1	0	1	0
    60003	2016-09-08 17:01:55	1	0	1	0
    69046	2016-09-08 17:02:00	1	0	1	0
    92069	2016-09-08 17:02:04	1	0	1	0
    95013	2016-09-08 17:02:08	1	0	1	0
    52003	2016-09-08 17:02:14	1	0	1	0
    65007	2016-09-08 17:02:19	1	0	1	0
    57062	2016-09-08 17:02:25	1	0	1	0
    59005	2016-09-08 17:02:31	1	0	1	0
    78012	2016-09-08 17:02:35	1	0	1	0
    73001	2016-09-08 17:02:38	1	0	1	0
    61012	2016-09-08 17:02:45	1	0	1	0
    80114	2016-09-08 17:02:53	1	0	1	0
    82048	2016-09-08 17:02:58	1	0	1	0
    75057	2016-09-08 17:03:02	1	0	1	0
    90079	2016-09-08 17:03:07	1	0	1	0
    86011	2016-09-08 17:03:16	1	0	1	0
    61004	2016-09-08 17:03:52	1	0	15	0
    71090	2016-09-08 17:03:58	1	0	1	0
    56061	2016-09-08 17:04:04	1	0	1	0
    87057	2016-09-08 17:04:27	1	0	1	0
    86019	2016-09-08 17:04:34	1	0	1	0
    92039	2016-09-08 17:04:37	1	0	1	0
    83120	2016-09-08 17:04:43	1	0	1	0
    87106	2016-09-08 17:04:46	1	0	1	0
    94037	2016-09-08 17:04:59	1	0	1	0
    89083	2016-09-08 17:05:16	1	0	15	0
    84011	2016-09-08 17:05:58	1	0	1	0
    74001	2016-09-08 17:06:02	1	0	1	0
    87129	2016-09-08 17:06:07	1	0	1	0
    94010	2016-09-08 17:06:10	1	0	1	0
    65027	2016-09-08 17:06:29	1	0	1	0
    88018	2016-09-08 17:06:43	1	0	15	0
    94020	2016-09-08 17:06:51	1	0	1	0
    81163	2016-09-08 17:07:56	1	0	15	0
    76135	2016-09-08 17:09:42	1	0	15	0
    80176	2016-09-08 17:09:50	1	0	1	0
    75020	2016-09-08 17:11:42	1	0	1	0
    77110	2016-09-08 17:12:04	1	0	1	0
    94010	2016-09-08 17:12:48	1	0	1	0
    76075	2016-09-08 17:14:42	1	0	15	0
    83101	2016-09-08 17:14:49	1	0	15	0
    79022	2016-09-08 17:15:45	1	0	1	0
    80053	2016-09-08 17:15:55	1	0	1	0
    79020	2016-09-08 17:15:59	1	0	15	0
    74040	2016-09-08 17:16:08	1	0	15	0
    80079	2016-09-08 17:16:21	1	0	15	0
    75048	2016-09-08 17:22:25	1	0	1	0
    95024	2016-09-08 17:29:56	1	0	1	0
    91042	2016-09-08 17:30:00	1	0	1	0
    80043	2016-09-08 17:39:39	1	0	1	0
    61056	2016-09-08 17:39:44	1	0	1	0
    87003	2016-09-08 17:39:54	1	0	15	0
    63004	2016-09-08 17:41:18	1	0	1	0
    88020	2016-09-08 17:41:40	1	0	15	0
    93009	2016-09-08 17:44:30	1	0	1	0
    80090	2016-09-08 17:44:37	1	0	15	0
    80090	2016-09-08 17:54:29	1	0	15	0
    88093	2016-09-08 17:59:47	1	0	1	0
    85012	2016-09-08 17:59:51	1	0	1	0
    83136	2016-09-08 18:02:19	1	0	1	0
    86075	2016-09-08 18:04:03	1	0	1	0
    57015	2016-09-09 05:43:14	1	0	1	0
    54026	2016-09-09 06:11:48	1	0	1	0
    60015	2016-09-09 06:14:05	1	0	1	0
    60006	2016-09-09 06:22:13	1	0	1	0
    59011	2016-09-09 06:26:40	1	0	1	0
    71093	2016-09-09 06:46:40	1	0	1	0
    77144	2016-09-09 07:00:54	1	0	1	0
    67065	2016-09-09 07:04:32	1	0	15	0
    59005	2016-09-09 07:13:57	1	0	1	0
    62001	2016-09-09 07:18:14	1	0	1	0
    96006	2016-09-09 07:20:30	1	0	1	0
    95010	2016-09-09 07:20:35	1	0	1	0
    87042	2016-09-09 07:21:57	1	0	15	0
    62043	2016-09-09 07:22:14	1	0	1	0
    54051	2016-09-09 07:23:03	1	0	1	0
    68057	2016-09-09 07:23:27	1	0	1	0
    63049	2016-09-09 07:27:45	1	0	1	0
    64001	2016-09-09 07:27:57	1	0	1	0
    92071	2016-09-09 07:28:07	1	0	1	0
    93013	2016-09-09 07:28:24	1	0	1	0
    84040	2016-09-09 07:28:31	1	0	1	0
    72091	2016-09-09 07:28:37	1	0	1	0
    60018	2016-09-09 07:28:44	1	0	1	0
    79114	2016-09-09 07:29:11	1	0	1	0
    92070	2016-09-09 07:29:55	1	0	1	0
    86088	2016-09-09 07:30:00	1	0	1	0
    73049	2016-09-09 07:30:04	1	0	1	0
    65075	2016-09-09 07:30:33	1	0	1	0
    72038	2016-09-09 07:33:20	1	0	1	0
    89086	2016-09-09 07:33:58	1	0	1	0
    83160	2016-09-09 07:34:02	1	0	1	0
    71122	2016-09-09 07:34:12	1	0	1	0
    95011	2016-09-09 07:34:16	1	0	1	0
    77104	2016-09-09 07:35:26	1	0	1	0
    74020	2016-09-09 07:36:53	1	0	1	0
    68004	2016-09-09 07:38:29	1	0	1	0
    58010	2016-09-09 07:38:38	1	0	1	0
    70086	2016-09-09 07:38:54	1	0	1	0
    53014	2016-09-09 07:40:29	1	0	1	0
    62009	2016-09-09 07:41:10	1	0	1	0
    84156	2016-09-09 07:41:24	1	0	1	0
    76135	2016-09-09 07:42:02	1	0	15	0
    60064	2016-09-09 07:42:17	1	0	1	0
    70007	2016-09-09 07:42:39	1	0	1	0
    94014	2016-09-09 07:43:12	1	0	1	0
    79013	2016-09-09 07:43:18	1	0	1	0
    79081	2016-09-09 07:43:52	1	0	1	0
    56061	2016-09-09 07:44:05	1	0	1	0
    77110	2016-09-09 07:44:10	1	0	1	0
    91063	2016-09-09 07:44:18	1	0	15	0
    86083	2016-09-09 07:44:24	1	0	1	0
    91012	2016-09-09 07:45:41	1	0	1	0
    83003	2016-09-09 07:46:20	1	0	1	0
    85090	2016-09-09 07:46:34	1	0	1	0
    95017	2016-09-09 07:46:44	1	0	1	0
    64062	2016-09-09 07:46:50	1	0	1	0
    88014	2016-09-09 07:46:54	1	0	1	0
    75006	2016-09-09 07:47:02	1	0	1	0
    64047	2016-09-09 07:49:34	1	0	15	0
    73036	2016-09-09 07:49:40	1	0	1	0
    83154	2016-09-09 07:50:04	1	0	1	0
    72100	2016-09-09 07:50:15	1	0	1	0
    60007	2016-09-09 07:50:32	1	0	1	0
    94020	2016-09-09 07:50:39	1	0	1	0
    95014	2016-09-09 07:50:49	1	0	1	0
    81163	2016-09-09 07:50:56	1	0	15	0
    91011	2016-09-09 07:52:22	1	0	1	0
    88034	2016-09-09 07:53:14	1	0	1	0
    86153	2016-09-09 07:53:17	1	0	1	0
    79022	2016-09-09 07:53:25	1	0	1	0
    92004	2016-09-09 07:53:29	1	0	1	0
    79112	2016-09-09 07:53:34	1	0	1	0
    76064	2016-09-09 07:54:01	1	0	1	0
    82100	2016-09-09 07:54:07	1	0	1	0
    64019	2016-09-09 07:54:56	1	0	1	0
    80079	2016-09-09 07:55:05	1	0	1	0
    92039	2016-09-09 07:55:12	1	0	1	0
    60046	2016-09-09 07:55:20	1	0	1	0
    82010	2016-09-09 07:55:27	1	0	1	0
    80005	2016-09-09 07:55:43	1	0	1	0
    63060	2016-09-09 07:55:50	1	0	1	0
    91042	2016-09-09 07:56:13	1	0	1	0
    74040	2016-09-09 07:56:24	1	0	15	0
    67002	2016-09-09 07:57:24	1	0	1	0
    71090	2016-09-09 07:57:41	1	0	1	0
    61012	2016-09-09 07:57:53	1	0	1	0
    85036	2016-09-09 07:58:16	1	0	1	0
    54027	2016-09-09 07:58:31	1	0	1	0
    65003	2016-09-09 07:58:40	1	0	1	0
    95006	2016-09-09 07:59:24	1	0	1	0
    61013	2016-09-09 07:59:36	1	0	1	0
    76139	2016-09-09 07:59:43	1	0	1	0
    82048	2016-09-09 07:59:50	1	0	1	0
    90087	2016-09-09 07:59:54	1	0	1	0
    61067	2016-09-09 08:00:00	1	0	1	0
    82043	2016-09-09 08:00:09	1	0	1	0
    87113	2016-09-09 08:00:26	1	0	1	0
    58008	2016-09-09 08:00:36	1	0	1	0
    92069	2016-09-09 08:00:40	1	0	1	0
    57008	2016-09-09 08:01:02	1	0	1	0
    87106	2016-09-09 08:01:33	1	0	1	0
    76057	2016-09-09 08:02:00	1	0	1	0
    63034	2016-09-09 08:02:09	1	0	1	0
    86019	2016-09-09 08:02:15	1	0	1	0
    59027	2016-09-09 08:02:19	1	0	1	0
    57003	2016-09-09 08:02:26	1	0	1	0
    73001	2016-09-09 08:02:39	1	0	1	0
    63012	2016-09-09 08:02:57	1	0	1	0
    89078	2016-09-09 08:03:08	1	0	1	0
    57062	2016-09-09 08:03:30	1	0	1	0
    61004	2016-09-09 08:03:46	1	0	1	0
    68045	2016-09-09 08:03:52	1	0	1	0
    78002	2016-09-09 08:04:21	1	0	1	0
    88020	2016-09-09 08:04:33	1	0	1	0
    65007	2016-09-09 08:04:49	1	0	1	0
    94025	2016-09-09 08:04:52	1	0	1	0
    78012	2016-09-09 08:04:55	1	0	1	0
    75057	2016-09-09 08:04:59	1	0	1	0
    84011	2016-09-09 08:05:04	1	0	15	0
    61006	2016-09-09 08:06:40	1	0	1	0
    83101	2016-09-09 08:06:44	1	0	15	0
    52003	2016-09-09 08:07:25	1	0	1	0
    53032	2016-09-09 08:07:32	1	0	15	0
    58004	2016-09-09 08:07:54	1	0	1	0
    63004	2016-09-09 08:09:38	1	0	1	0
    65027	2016-09-09 08:09:49	1	0	1	0
    84098	2016-09-09 08:09:54	1	0	1	0
    87003	2016-09-09 08:10:12	1	0	1	0
    86079	2016-09-09 08:12:28	1	0	1	0
    94010	2016-09-09 08:12:57	1	0	1	0
    64021	2016-09-09 08:13:07	1	0	1	0
    60002	2016-09-09 08:13:24	1	0	1	0
    88019	2016-09-09 08:15:24	1	0	1	0
    85064	2016-09-09 08:15:46	1	0	1	0
    77059	2016-09-09 08:16:25	1	0	1	0
    80053	2016-09-09 08:17:04	1	0	1	0
    88018	2016-09-09 08:25:07	1	0	15	0
    75048	2016-09-09 08:26:22	1	0	1	0
    64010	2016-09-09 08:27:36	1	0	1	0
    85005	2016-09-09 08:36:21	1	0	1	0
    65074	2016-09-09 08:39:01	1	0	1	0
