    85089	2016-09-05 17:00:02	5	0	1	0
    67016	2016-09-05 17:00:10	5	0	1	0
    78014	2016-09-05 17:00:16	5	0	1	0
    65038	2016-09-05 17:00:22	5	0	1	0
    63039	2016-09-05 17:00:28	5	0	1	0
    72038	2016-09-05 17:00:31	5	0	1	0
    98742	2016-09-05 17:00:36	5	0	1	0
    71023	2016-09-05 17:00:41	5	0	1	0
    77018	2016-09-05 17:00:51	5	0	1	0
    89042	2016-09-05 17:00:55	5	0	1	0
    65033	2016-09-05 17:00:59	5	0	15	0
    87008	2016-09-05 17:01:03	5	0	1	0
    64090	2016-09-05 17:01:09	5	0	1	0
    63068	2016-09-05 17:01:14	5	0	1	0
    74123	2016-09-05 17:01:19	5	0	15	0
    95006	2016-09-05 17:01:25	5	0	15	0
    94031	2016-09-05 17:01:29	5	0	1	0
    94030	2016-09-05 17:01:32	5	0	15	0
    72067	2016-09-05 17:01:36	5	0	15	0
    81009	2016-09-05 17:01:41	5	0	15	0
    75079	2016-09-05 17:01:46	5	0	1	0
    62067	2016-09-05 17:01:49	5	0	15	0
    92071	2016-09-05 17:01:56	5	0	1	0
    98903	2016-09-05 17:01:58	5	0	1	0
    82043	2016-09-05 17:02:02	5	0	1	0
    98904	2016-09-05 17:02:06	5	0	1	0
    93046	2016-09-05 17:02:14	5	0	1	0
    84152	2016-09-05 17:02:19	5	0	1	0
    75103	2016-09-05 17:03:15	5	0	1	0
    72066	2016-09-05 17:03:33	5	0	15	0
    80010	2016-09-05 17:03:47	5	0	15	0
    78115	2016-09-05 17:03:55	5	0	15	0
    87042	2016-09-05 17:04:07	5	0	1	0
    57007	2016-09-05 17:04:25	5	0	1	0
    85144	2016-09-05 17:04:33	5	0	1	0
    83154	2016-09-05 17:04:38	5	0	1	0
    87055	2016-09-05 17:04:44	5	0	1	0
    64019	2016-09-05 17:04:55	5	0	1	0
    79008	2016-09-05 17:05:04	5	0	15	0
    74075	2016-09-05 17:05:29	5	0	1	0
    66039	2016-09-05 17:05:37	5	0	1	0
    80150	2016-09-05 17:05:47	5	0	1	0
    95023	2016-09-05 17:05:53	5	0	1	0
    79117	2016-09-05 17:06:08	5	0	15	0
    95019	2016-09-05 17:06:28	5	0	1	0
    88019	2016-09-05 17:06:36	5	0	1	0
    81074	2016-09-05 17:06:45	5	0	15	0
    81058	2016-09-05 17:06:56	5	0	1	0
    86142	2016-09-05 17:07:13	5	0	15	0
    83085	2016-09-05 17:07:25	5	0	1	0
    72025	2016-09-05 17:07:34	5	0	1	0
    59011	2016-09-05 17:07:46	5	0	1	0
    78004	2016-09-05 17:07:57	5	0	1	0
    85141	2016-09-05 17:08:05	5	0	1	0
    61063	2016-09-05 17:08:11	5	0	1	0
    56047	2016-09-05 17:08:18	5	0	1	0
    71122	2016-09-05 17:08:34	5	0	1	0
    80173	2016-09-05 17:08:39	5	0	1	0
    95011	2016-09-05 17:08:45	5	0	1	0
    65054	2016-09-05 17:08:46	5	0	15	0
    87130	2016-09-05 17:08:55	5	0	1	0
    81161	2016-09-05 17:09:02	5	0	1	0
    67065	2016-09-05 17:09:09	5	0	1	0
    94005	2016-09-05 17:09:14	5	0	1	0
    82120	2016-09-05 17:09:20	5	0	1	0
    76057	2016-09-05 17:09:27	5	0	1	0
    71007	2016-09-05 17:09:41	5	0	1	0
    82160	2016-09-05 17:09:48	5	0	15	0
    95010	2016-09-05 17:10:01	5	0	1	0
    88015	2016-09-05 17:10:23	5	0	15	0
    62002	2016-09-05 17:10:34	5	0	1	0
    94014	2016-09-05 17:11:05	5	0	15	0
    76078	2016-09-05 17:11:32	5	0	1	0
    66025	2016-09-05 17:11:37	5	0	1	0
    96006	2016-09-05 17:11:43	5	0	1	0
    76023	2016-09-05 17:11:51	5	0	15	0
    77120	2016-09-05 17:12:08	5	0	1	0
    64014	2016-09-05 17:12:55	5	0	1	0
    80005	2016-09-05 17:13:15	5	0	1	0
    81018	2016-09-05 17:13:22	5	0	1	0
    87032	2016-09-05 17:13:35	5	0	1	0
    76009	2016-09-05 17:14:41	5	0	1	0
    77005	2016-09-05 17:21:04	5	0	1	0
    71049	2016-09-05 17:22:10	5	0	1	0
    77066	2016-09-05 17:24:41	5	0	1	0
    78052	2016-09-05 17:25:13	5	0	1	0
    82009	2016-09-05 17:37:44	5	0	15	0
    94009	2016-09-05 17:37:57	5	0	1	0
    66012	2016-09-05 17:53:56	5	0	1	0
    62067	2016-09-06 06:51:48	5	0	15	0
    85141	2016-09-06 06:54:13	5	0	15	0
    59011	2016-09-06 06:55:19	5	0	15	0
    81161	2016-09-06 06:55:33	5	0	1	0
    65033	2016-09-06 06:57:00	5	0	15	0
    76023	2016-09-06 06:58:18	5	0	15	0
    71094	2016-09-06 07:04:53	5	0	1	0
    52039	2016-09-06 07:05:01	5	0	1	0
    71023	2016-09-06 07:06:32	5	0	15	0
    89042	2016-09-06 07:11:51	5	0	1	0
    75004	2016-09-06 07:16:53	5	0	15	0
    80150	2016-09-06 07:18:17	5	0	15	0
    94030	2016-09-06 07:19:52	5	0	15	0
    64041	2016-09-06 07:20:01	5	0	15	0
    73081	2016-09-06 07:20:52	5	0	1	0
    76057	2016-09-06 07:21:03	5	0	15	0
    65054	2016-09-06 07:23:01	5	0	1	0
    85149	2016-09-06 07:23:10	5	0	1	0
    66012	2016-09-06 07:23:14	5	0	1	0
    72080	2016-09-06 07:23:21	5	0	1	0
    58053	2016-09-06 07:23:26	5	0	1	0
    57047	2016-09-06 07:23:32	5	0	1	0
    71116	2016-09-06 07:23:43	5	0	1	0
    61063	2016-09-06 07:26:18	5	0	1	0
    73070	2016-09-06 07:26:30	5	0	1	0
    65038	2016-09-06 07:29:52	5	0	1	0
    52027	2016-09-06 07:30:06	5	0	1	0
    73044	2016-09-06 07:31:27	5	0	15	0
    86156	2016-09-06 07:32:50	5	0	1	0
    95023	2016-09-06 07:33:22	5	0	1	0
    93046	2016-09-06 07:35:07	5	0	1	0
    72025	2016-09-06 07:35:56	5	0	1	0
    53044	2016-09-06 07:36:11	5	0	1	0
    77013	2016-09-06 07:36:17	5	0	15	0
    81074	2016-09-06 07:36:34	5	0	1	0
    77120	2016-09-06 07:36:42	5	0	1	0
    64090	2016-09-06 07:36:49	5	0	1	0
    95011	2016-09-06 07:36:56	5	0	1	0
    80173	2016-09-06 07:37:00	5	0	1	0
    71122	2016-09-06 07:37:06	5	0	1	0
    83154	2016-09-06 07:37:10	5	0	1	0
    92044	2016-09-06 07:37:29	5	0	1	0
    57038	2016-09-06 07:38:41	5	0	15	0
    94031	2016-09-06 07:39:05	5	0	1	0
    85012	2016-09-06 07:39:18	5	0	1	0
    63005	2016-09-06 07:39:30	5	0	1	0
    87032	2016-09-06 07:41:29	5	0	1	0
    77018	2016-09-06 07:41:40	5	0	1	0
    95009	2016-09-06 07:41:45	5	0	1	0
    82120	2016-09-06 07:42:04	5	0	1	0
    78014	2016-09-06 07:42:11	5	0	1	0
    87130	2016-09-06 07:44:00	5	0	1	0
    86142	2016-09-06 07:44:57	5	0	1	0
    54024	2016-09-06 07:45:09	5	0	1	0
    74075	2016-09-06 07:45:15	5	0	1	0
    72066	2016-09-06 07:45:21	5	0	15	0
    72067	2016-09-06 07:47:35	5	0	15	0
    76009	2016-09-06 07:49:11	5	0	1	0
    90094	2016-09-06 07:50:02	5	0	1	0
    82160	2016-09-06 07:50:37	5	0	15	0
    78004	2016-09-06 07:50:57	5	0	1	0
    88061	2016-09-06 07:51:19	5	0	1	0
    75020	2016-09-06 07:51:35	5	0	1	0
    77066	2016-09-06 07:52:56	5	0	1	0
    83085	2016-09-06 07:53:48	5	0	1	0
    76076	2016-09-06 07:53:56	5	0	1	0
    57007	2016-09-06 07:54:03	5	0	1	0
    74124	2016-09-06 07:54:35	5	0	1	0
    56001	2016-09-06 07:55:07	5	0	15	0
    79008	2016-09-06 07:55:14	5	0	15	0
    98904	2016-09-06 07:55:46	5	0	1	0
    94014	2016-09-06 07:55:54	5	0	1	0
    58038	2016-09-06 07:56:28	5	0	1	0
    95019	2016-09-06 07:56:34	5	0	1	0
    67016	2016-09-06 07:56:39	5	0	1	0
    87106	2016-09-06 07:57:39	5	0	1	0
    83120	2016-09-06 07:57:42	5	0	1	0
    81058	2016-09-06 07:57:50	5	0	1	0
    66083	2016-09-06 07:58:32	5	0	1	0
    82009	2016-09-06 07:58:40	5	0	1	0
    84088	2016-09-06 07:58:45	5	0	1	0
    78113	2016-09-06 07:58:49	5	0	1	0
    94009	2016-09-06 07:58:55	5	0	1	0
    82127	2016-09-06 07:59:45	5	0	15	0
    70077	2016-09-06 08:01:11	5	0	15	0
    75103	2016-09-06 08:01:44	5	0	15	0
    94005	2016-09-06 08:02:40	5	0	1	0
    95010	2016-09-06 08:03:17	5	0	1	0
    88015	2016-09-06 08:04:34	5	0	1	0
    88019	2016-09-06 08:06:04	5	0	1	0
    90087	2016-09-06 08:06:13	5	0	15	0
    71069	2016-09-06 08:06:20	5	0	15	0
    63039	2016-09-06 08:08:06	5	0	1	0
    78115	2016-09-06 08:08:24	5	0	1	0
    88098	2016-09-06 08:08:41	5	0	1	0
    94006	2016-09-06 08:08:48	5	0	1	0
    79117	2016-09-06 08:09:03	5	0	1	0
    82156	2016-09-06 08:09:10	5	0	1	0
    86118	2016-09-06 08:09:22	5	0	1	0
    79011	2016-09-06 08:09:26	5	0	1	0
    81018	2016-09-06 08:10:39	5	0	1	0
    62002	2016-09-06 08:10:53	5	0	15	0
    87055	2016-09-06 08:12:06	5	0	1	0
    87003	2016-09-06 08:15:46	5	0	1	0
    56030	2016-09-06 08:18:27	5	0	15	0
    78052	2016-09-06 08:18:33	5	0	15	0
    77066	2016-09-06 12:00:10	5	0	1	0
    67065	2016-09-06 12:00:15	5	0	1	0
    78014	2016-09-06 12:00:20	5	0	1	0
    81074	2016-09-06 12:00:34	5	0	1	0
    57007	2016-09-06 12:00:41	5	0	1	0
    72025	2016-09-06 12:00:48	5	0	1	0
    83085	2016-09-06 12:00:58	5	0	1	0
    86142	2016-09-06 12:01:07	5	0	1	0
    95023	2016-09-06 12:01:18	5	0	1	0
    81058	2016-09-06 12:01:25	5	0	1	0
    65033	2016-09-06 12:01:32	5	0	1	0
    71122	2016-09-06 12:01:38	5	0	1	0
    82120	2016-09-06 12:01:43	5	0	1	0
    80173	2016-09-06 12:01:49	5	0	1	0
    62067	2016-09-06 12:01:54	5	0	1	0
    85143	2016-09-06 12:01:59	5	0	1	0
    95011	2016-09-06 12:02:05	5	0	1	0
    81161	2016-09-06 12:02:09	5	0	1	0
    93046	2016-09-06 12:02:15	5	0	1	0
    64090	2016-09-06 12:02:22	5	0	1	0
    81018	2016-09-06 12:02:28	5	0	1	0
    63039	2016-09-06 12:03:12	5	0	15	0
    87055	2016-09-06 12:03:22	5	0	1	0
    73081	2016-09-06 12:04:04	5	0	1	0
    78115	2016-09-06 12:04:31	5	0	1	0
    94031	2016-09-06 12:04:40	5	0	15	0
    94030	2016-09-06 12:04:48	5	0	15	0
    76057	2016-09-06 12:05:07	5	0	1	0
    72066	2016-09-06 12:05:21	5	0	15	0
    95010	2016-09-06 12:05:25	5	0	1	0
    82009	2016-09-06 12:05:29	5	0	1	0
    98903	2016-09-06 12:05:48	5	0	1	0
    98904	2016-09-06 12:05:53	5	0	1	0
    87107	2016-09-06 12:06:16	5	0	15	0
    87130	2016-09-06 12:06:33	5	0	1	0
    69081	2016-09-06 12:07:01	5	0	1	0
    75103	2016-09-06 12:07:28	5	0	15	0
    74075	2016-09-06 12:07:39	5	0	1	0
    96006	2016-09-06 12:08:02	5	0	1	0
    72067	2016-09-06 12:09:24	5	0	15	0
    93008	2016-09-06 12:10:07	5	0	1	0
    82043	2016-09-06 12:10:12	5	0	1	0
    86118	2016-09-06 12:10:49	5	0	1	0
    85089	2016-09-06 12:10:59	5	0	1	0
    52039	2016-09-06 12:12:30	5	0	1	0
    76078	2016-09-06 12:13:25	5	0	1	0
    61063	2016-09-06 12:13:43	5	0	1	0
    66067	2016-09-06 12:14:21	5	0	1	0
    79117	2016-09-06 12:15:38	5	0	1	0
    88098	2016-09-06 12:15:58	5	0	15	0
    95019	2016-09-06 12:16:39	5	0	1	0
    64014	2016-09-06 12:17:23	5	0	15	0
    87032	2016-09-06 12:17:37	5	0	1	0
    88019	2016-09-06 12:17:43	5	0	1	0
    82127	2016-09-06 12:17:49	5	0	15	0
    65054	2016-09-06 12:17:55	5	0	1	0
    94009	2016-09-06 12:18:08	5	0	1	0
    94006	2016-09-06 12:18:28	5	0	1	0
    76023	2016-09-06 12:19:46	5	0	1	0
    80150	2016-09-06 12:21:05	5	0	1	0
    88015	2016-09-06 12:21:10	5	0	1	0
    92071	2016-09-06 12:21:16	5	0	1	0
    71094	2016-09-06 12:21:21	5	0	1	0
    82160	2016-09-06 12:22:09	5	0	15	0
    74124	2016-09-06 12:22:52	5	0	1	0
    80005	2016-09-06 12:24:49	5	0	1	0
    89042	2016-09-06 12:25:34	5	0	1	0
    59011	2016-09-06 12:25:46	5	0	15	0
    78004	2016-09-06 12:25:53	5	0	1	0
    71007	2016-09-06 12:26:06	5	0	1	0
    87060	2016-09-06 12:26:33	5	0	1	0
    79008	2016-09-06 12:26:56	5	0	15	0
    66012	2016-09-06 12:27:14	5	0	1	0
    94014	2016-09-06 12:27:19	5	0	1	0
    76009	2016-09-06 12:27:47	5	0	1	0
    79013	2016-09-06 12:27:57	5	0	1	0
    77120	2016-09-06 12:28:13	5	0	1	0
    94005	2016-09-06 12:29:16	5	0	1	0
    78052	2016-09-06 12:29:29	5	0	1	0
    78004	2016-09-06 12:31:04	5	0	1	0
    59011	2016-09-06 12:31:08	5	0	1	0
    89042	2016-09-06 12:31:25	5	0	1	0
    66012	2016-09-06 12:31:30	5	0	1	0
    94014	2016-09-06 12:31:35	5	0	1	0
    87060	2016-09-06 12:31:50	5	0	1	0
    79008	2016-09-06 12:32:06	5	0	1	0
    79013	2016-09-06 12:32:21	5	0	1	0
    76009	2016-09-06 12:32:43	5	0	15	0
    78052	2016-09-06 12:32:54	5	0	15	0
    52039	2016-09-06 12:33:01	5	0	1	0
    94005	2016-09-06 12:33:06	5	0	1	0
    74124	2016-09-06 12:33:16	5	0	1	0
    92071	2016-09-06 12:33:25	5	0	1	0
    63052	2016-09-06 12:33:31	5	0	1	0
    63068	2016-09-06 12:33:35	5	0	1	0
    95011	2016-09-06 12:33:40	5	0	1	0
    64090	2016-09-06 12:33:46	5	0	1	0
    67065	2016-09-06 12:33:53	5	0	1	0
    79020	2016-09-06 12:33:57	5	0	1	0
    82120	2016-09-06 12:34:00	5	0	1	0
    77120	2016-09-06 12:34:05	5	0	1	0
    71007	2016-09-06 12:34:10	5	0	1	0
    78115	2016-09-06 12:34:19	5	0	1	0
    71094	2016-09-06 12:34:28	5	0	1	0
    77066	2016-09-06 12:34:40	5	0	1	0
    80173	2016-09-06 12:34:50	5	0	1	0
    82160	2016-09-06 12:34:54	5	0	1	0
    96006	2016-09-06 12:35:02	5	0	1	0
    95010	2016-09-06 12:35:06	5	0	1	0
    62067	2016-09-06 12:35:14	5	0	1	0
    73081	2016-09-06 12:35:20	5	0	1	0
    66067	2016-09-06 12:35:30	5	0	1	0
    74075	2016-09-06 12:35:45	5	0	1	0
    72066	2016-09-06 12:35:57	5	0	15	0
    71122	2016-09-06 12:36:04	5	0	1	0
    93046	2016-09-06 12:36:10	5	0	1	0
    61063	2016-09-06 12:36:19	5	0	1	0
    86118	2016-09-06 12:37:56	5	0	1	0
    88098	2016-09-06 12:38:09	5	0	15	0
    72067	2016-09-06 12:38:25	5	0	15	0
    85143	2016-09-06 12:38:35	5	0	1	0
    76023	2016-09-06 12:38:48	5	0	1	0
    94030	2016-09-06 12:38:59	5	0	15	0
    94031	2016-09-06 12:39:07	5	0	1	0
    83085	2016-09-06 12:39:21	5	0	1	0
    86142	2016-09-06 12:39:30	5	0	1	0
    81074	2016-09-06 12:39:46	5	0	1	0
    72025	2016-09-06 12:39:58	5	0	1	0
    65033	2016-09-06 12:40:09	5	0	1	0
    57007	2016-09-06 12:40:20	5	0	1	0
    87032	2016-09-06 12:40:45	5	0	1	0
    78113	2016-09-06 12:40:53	5	0	1	0
    62002	2016-09-06 12:40:58	5	0	1	0
    81058	2016-09-06 12:41:04	5	0	1	0
    98903	2016-09-06 12:41:12	5	0	1	0
    98904	2016-09-06 12:41:16	5	0	1	0
    63039	2016-09-06 12:41:23	5	0	15	0
    65054	2016-09-06 12:41:45	5	0	15	0
    87130	2016-09-06 12:41:56	5	0	1	0
    64014	2016-09-06 12:42:25	5	0	15	0
    78014	2016-09-06 12:42:59	5	0	1	0
    94006	2016-09-06 12:44:24	5	0	1	0
    69081	2016-09-06 12:45:20	5	0	1	0
    88019	2016-09-06 12:46:32	5	0	1	0
    82009	2016-09-06 12:46:56	5	0	1	0
    87055	2016-09-06 12:47:15	5	0	1	0
    82127	2016-09-06 12:47:32	5	0	15	0
    76076	2016-09-06 12:47:36	5	0	1	0
    65056	2016-09-06 12:47:40	5	0	1	0
    77018	2016-09-06 12:47:54	5	0	1	0
    95019	2016-09-06 12:48:00	5	0	1	0
    80005	2016-09-06 12:48:06	5	0	1	0
    93008	2016-09-06 12:48:53	5	0	1	0
    82043	2016-09-06 12:48:57	5	0	1	0
    85089	2016-09-06 12:49:14	5	0	1	0
    88015	2016-09-06 12:50:13	5	0	1	0
    79117	2016-09-06 12:50:31	5	0	1	0
    76078	2016-09-06 12:52:17	5	0	1	0
    87107	2016-09-06 12:52:53	5	0	1	0
    85036	2016-09-06 12:54:55	5	0	1	0
    94009	2016-09-06 12:55:32	5	0	1	0
    88061	2016-09-06 12:57:23	5	0	15	0
    76057	2016-09-06 12:57:45	5	0	1	0
    84088	2016-09-06 12:58:40	5	0	1	0
    73036	2016-09-06 12:59:18	5	0	1	0
    75020	2016-09-06 12:59:36	5	0	1	0
    64019	2016-09-06 13:01:28	5	0	1	0
    80150	2016-09-06 13:02:00	5	0	1	0
    87003	2016-09-06 13:02:49	5	0	1	0
    95023	2016-09-06 13:03:35	5	0	1	0
    81018	2016-09-06 13:08:04	5	0	1	0
    83120	2016-09-06 13:08:10	5	0	1	0
    79022	2016-09-06 13:08:15	5	0	1	0
    79011	2016-09-06 13:08:19	5	0	1	0
    85064	2016-09-06 13:08:23	5	0	1	0
    85089	2016-09-06 17:00:02	5	1	1	0
    69081	2016-09-06 17:00:09	5	1	1	0
    71094	2016-09-06 17:00:14	5	1	1	0
    52039	2016-09-06 17:00:24	5	1	1	0
    89042	2016-09-06 17:00:35	5	1	1	0
    73081	2016-09-06 17:00:44	5	1	1	0
    98742	2016-09-06 17:00:55	5	1	15	0
    78113	2016-09-06 17:01:05	5	1	1	0
    63039	2016-09-06 17:01:15	5	1	1	0
    71023	2016-09-06 17:01:19	5	1	15	0
    67016	2016-09-06 17:01:25	5	1	1	0
    77018	2016-09-06 17:01:31	5	1	15	0
    65033	2016-09-06 17:01:45	5	1	1	0
    66033	2016-09-06 17:01:53	5	1	1	0
    57007	2016-09-06 17:02:02	5	1	1	0
    64090	2016-09-06 17:02:09	5	1	1	0
    62067	2016-09-06 17:02:15	5	1	1	0
    63068	2016-09-06 17:02:18	5	1	1	0
    78014	2016-09-06 17:02:23	5	1	1	0
    72067	2016-09-06 17:02:28	5	1	1	0
    95023	2016-09-06 17:02:33	5	1	1	0
    93046	2016-09-06 17:02:36	5	1	1	0
    74075	2016-09-06 17:02:43	5	1	1	0
    86118	2016-09-06 17:02:48	5	1	1	0
    75103	2016-09-06 17:02:55	5	1	15	0
    87055	2016-09-06 17:03:04	5	1	1	0
    81058	2016-09-06 17:03:11	5	1	1	0
    95011	2016-09-06 17:03:20	5	1	1	0
    83085	2016-09-06 17:03:26	5	1	1	0
    86142	2016-09-06 17:03:36	5	1	1	0
    71122	2016-09-06 17:03:49	5	1	1	0
    72025	2016-09-06 17:03:54	5	1	1	0
    81074	2016-09-06 17:04:06	5	1	15	0
    61063	2016-09-06 17:04:25	5	1	1	0
    80173	2016-09-06 17:04:32	5	1	1	0
    82120	2016-09-06 17:04:39	5	1	1	0
    95010	2016-09-06 17:04:46	5	1	1	0
    96006	2016-09-06 17:05:22	5	1	1	0
    72066	2016-09-06 17:05:54	5	1	15	0
    83154	2016-09-06 17:06:02	5	1	1	0
    85144	2016-09-06 17:06:14	5	1	1	0
    92071	2016-09-06 17:06:19	5	1	1	0
    76078	2016-09-06 17:06:24	5	1	1	0
    85141	2016-09-06 17:06:31	5	1	1	0
    74124	2016-09-06 17:06:39	5	1	1	0
    62002	2016-09-06 17:06:50	5	1	1	0
    79117	2016-09-06 17:06:58	5	1	1	0
    88015	2016-09-06 17:07:08	5	1	1	0
    88019	2016-09-06 17:07:16	5	1	1	0
    95019	2016-09-06 17:07:22	5	1	1	0
    82127	2016-09-06 17:07:28	5	1	1	0
    90094	2016-09-06 17:07:32	5	1	1	0
    78115	2016-09-06 17:07:38	5	1	1	0
    81161	2016-09-06 17:08:07	5	1	1	0
    77066	2016-09-06 17:09:28	5	1	1	0
    65054	2016-09-06 17:09:36	5	1	15	0
    88098	2016-09-06 17:10:31	5	1	15	0
    81018	2016-09-06 17:12:22	5	1	1	0
    87130	2016-09-06 17:12:27	5	1	1	0
    87032	2016-09-06 17:13:13	5	1	1	0
    80005	2016-09-06 17:13:19	5	1	1	0
    76023	2016-09-06 17:13:27	5	1	15	0
    64014	2016-09-06 17:13:47	5	1	15	0
    82043	2016-09-06 17:14:07	5	1	1	0
    77120	2016-09-06 17:14:30	5	1	1	0
    94031	2016-09-06 17:14:58	5	1	1	0
    94030	2016-09-06 17:15:10	5	1	15	0
    95007	2016-09-06 17:15:32	5	1	1	0
    82160	2016-09-06 17:17:32	5	1	15	0
    94005	2016-09-06 17:18:20	5	1	1	0
    94006	2016-09-06 17:18:25	5	1	1	0
    78004	2016-09-06 17:20:11	5	1	1	0
    59011	2016-09-06 17:20:16	5	1	1	0
    76057	2016-09-06 17:21:25	5	1	1	0
    87060	2016-09-06 17:22:47	5	1	1	0
    56001	2016-09-06 17:26:21	5	1	15	0
    66012	2016-09-06 17:26:33	5	1	15	0
    71007	2016-09-06 17:28:09	5	1	15	0
    80150	2016-09-06 17:30:39	5	1	1	0
    79008	2016-09-06 17:30:45	5	1	15	0
    54024	2016-09-06 17:31:02	5	1	1	0
    71093	2016-09-06 17:31:16	5	1	1	0
    61019	2016-09-06 17:31:29	5	1	15	0
    82009	2016-09-06 17:32:39	5	1	1	0
    94009	2016-09-06 17:32:48	5	1	1	0
    94014	2016-09-06 17:33:13	5	1	15	0
    76009	2016-09-06 17:34:11	5	1	15	0
    87107	2016-09-06 17:35:05	5	1	1	0
    64019	2016-09-06 17:41:28	5	1	1	0
    78052	2016-09-06 18:31:07	5	1	15	0
    85141	2016-09-07 06:34:04	5	1	15	0
    65066	2016-09-07 06:35:03	5	1	15	0
    59011	2016-09-07 06:42:24	5	1	15	0
    75079	2016-09-07 06:49:23	5	1	1	0
    71093	2016-09-07 06:53:35	5	1	1	0
    65033	2016-09-07 06:53:44	5	1	1	0
    71023	2016-09-07 06:58:06	5	1	15	0
    62067	2016-09-07 06:59:17	5	1	15	0
    81161	2016-09-07 07:02:13	5	1	1	0
    52039	2016-09-07 07:16:00	5	1	1	0
    80150	2016-09-07 07:16:09	5	1	1	0
    74123	2016-09-07 07:17:28	5	1	15	0
    77120	2016-09-07 07:17:49	5	1	1	0
    64048	2016-09-07 07:20:54	5	1	1	0
    79008	2016-09-07 07:21:14	5	1	1	0
    76009	2016-09-07 07:23:06	5	1	1	0
    82160	2016-09-07 07:24:20	5	1	15	0
    79151	2016-09-07 07:25:03	5	1	1	0
    62002	2016-09-07 07:25:30	5	1	1	0
    66012	2016-09-07 07:26:44	5	1	1	0
    71116	2016-09-07 07:26:54	5	1	1	0
    94030	2016-09-07 07:27:16	5	1	15	0
    67016	2016-09-07 07:27:43	5	1	1	0
    78113	2016-09-07 07:29:03	5	1	1	0
    72025	2016-09-07 07:29:16	5	1	1	0
    61063	2016-09-07 07:29:24	5	1	1	0
    73081	2016-09-07 07:29:30	5	1	1	0
    52027	2016-09-07 07:29:41	5	1	1	0
    81090	2016-09-07 07:30:09	5	1	1	0
    95023	2016-09-07 07:32:31	5	1	1	0
    90068	2016-09-07 07:32:39	5	1	1	0
    77018	2016-09-07 07:32:44	5	1	15	0
    95009	2016-09-07 07:33:08	5	1	1	0
    87130	2016-09-07 07:34:04	5	1	1	0
    66083	2016-09-07 07:35:09	5	1	1	0
    63068	2016-09-07 07:35:33	5	1	1	0
    86142	2016-09-07 07:36:02	5	1	1	0
    87042	2016-09-07 07:36:14	5	1	1	0
    87055	2016-09-07 07:36:26	5	1	1	0
    84023	2016-09-07 07:36:55	5	1	1	0
    93046	2016-09-07 07:37:21	5	1	1	0
    95011	2016-09-07 07:38:01	5	1	1	0
    71122	2016-09-07 07:38:08	5	1	1	0
    80173	2016-09-07 07:38:14	5	1	1	0
    96006	2016-09-07 07:38:29	5	1	1	0
    76057	2016-09-07 07:39:13	5	1	1	0
    87032	2016-09-07 07:39:20	5	1	1	0
    64090	2016-09-07 07:39:25	5	1	1	0
    60046	2016-09-07 07:39:35	5	1	1	0
    65054	2016-09-07 07:39:43	5	1	1	0
    83154	2016-09-07 07:39:51	5	1	1	0
    72067	2016-09-07 07:39:58	5	1	15	0
    85144	2016-09-07 07:40:52	5	1	1	0
    57038	2016-09-07 07:41:08	5	1	1	0
    94014	2016-09-07 07:42:19	5	1	1	0
    76023	2016-09-07 07:42:31	5	1	1	0
    81074	2016-09-07 07:42:44	5	1	1	0
    78014	2016-09-07 07:42:52	5	1	1	0
    76145	2016-09-07 07:43:13	5	1	1	0
    54024	2016-09-07 07:45:18	5	1	1	0
    74124	2016-09-07 07:47:30	5	1	1	0
    72038	2016-09-07 07:47:45	5	1	1	0
    76124	2016-09-07 07:47:56	5	1	1	0
    65038	2016-09-07 07:48:08	5	1	1	0
    74075	2016-09-07 07:48:30	5	1	1	0
    72066	2016-09-07 07:48:37	5	1	15	0
    72080	2016-09-07 07:50:10	5	1	1	0
    88061	2016-09-07 07:50:23	5	1	15	0
    69005	2016-09-07 07:51:08	5	1	1	0
    90094	2016-09-07 07:53:05	5	1	1	0
    77066	2016-09-07 07:53:18	5	1	15	0
    95019	2016-09-07 07:53:59	5	1	1	0
    98904	2016-09-07 07:54:03	5	1	1	0
    94031	2016-09-07 07:54:54	5	1	1	0
    85012	2016-09-07 07:55:02	5	1	1	0
    82156	2016-09-07 07:55:46	5	1	1	0
    84088	2016-09-07 07:56:34	5	1	1	0
    73070	2016-09-07 07:56:47	5	1	1	0
    63070	2016-09-07 07:57:23	5	1	1	0
    89052	2016-09-07 07:58:29	5	1	1	0
    54027	2016-09-07 07:59:34	5	1	1	0
    71007	2016-09-07 08:00:04	5	1	1	0
    90087	2016-09-07 08:00:35	5	1	15	0
    63005	2016-09-07 08:01:40	5	1	1	0
    81058	2016-09-07 08:01:46	5	1	1	0
    80005	2016-09-07 08:01:53	5	1	1	0
    78004	2016-09-07 08:02:06	5	1	1	0
    75020	2016-09-07 08:02:40	5	1	1	0
    77005	2016-09-07 08:03:12	5	1	1	0
    88015	2016-09-07 08:03:20	5	1	1	0
    82009	2016-09-07 08:03:45	5	1	1	0
    75103	2016-09-07 08:04:07	5	1	15	0
    94009	2016-09-07 08:04:30	5	1	1	0
    92044	2016-09-07 08:04:46	5	1	1	0
    69011	2016-09-07 08:05:54	5	1	1	0
    82127	2016-09-07 08:06:03	5	1	1	0
    88098	2016-09-07 08:07:02	5	1	1	0
    87003	2016-09-07 08:07:22	5	1	1	0
    88019	2016-09-07 08:08:12	5	1	1	0
    94005	2016-09-07 08:08:36	5	1	1	0
    78115	2016-09-07 08:08:49	5	1	1	0
    83085	2016-09-07 08:08:57	5	1	1	0
    76076	2016-09-07 08:09:04	5	1	1	0
    57007	2016-09-07 08:09:14	5	1	1	0
    80090	2016-09-07 08:09:18	5	1	1	0
    86118	2016-09-07 08:09:27	5	1	1	0
    81018	2016-09-07 08:09:31	5	1	1	0
    63039	2016-09-07 08:11:21	5	1	1	0
    85089	2016-09-07 08:13:56	5	1	1	0
    78052	2016-09-07 08:37:14	5	1	1	0
    77066	2016-09-07 11:59:54	5	2	15	0
    78014	2016-09-07 12:00:13	5	2	1	0
    63039	2016-09-07 12:00:33	5	2	1	0
    80173	2016-09-07 12:00:39	5	2	15	0
    74075	2016-09-07 12:00:51	5	2	1	0
    71122	2016-09-07 12:00:59	5	2	1	0
    96006	2016-09-07 12:01:05	5	2	1	0
    95010	2016-09-07 12:01:12	5	2	1	0
    87042	2016-09-07 12:01:19	5	2	15	0
    64090	2016-09-07 12:01:30	5	2	1	0
    75079	2016-09-07 12:01:37	5	2	1	0
    95011	2016-09-07 12:01:40	5	2	1	0
    78115	2016-09-07 12:02:05	5	2	1	0
    62067	2016-09-07 12:03:04	5	2	1	0
    98903	2016-09-07 12:03:08	5	2	1	0
    52039	2016-09-07 12:03:13	5	2	1	0
    98904	2016-09-07 12:03:17	5	2	1	0
    81018	2016-09-07 12:03:34	5	2	1	0
    67065	2016-09-07 12:03:55	5	2	1	0
    62002	2016-09-07 12:04:44	5	2	15	0
    88015	2016-09-07 12:05:08	5	2	1	0
    85089	2016-09-07 12:06:02	5	2	1	0
    73081	2016-09-07 12:06:39	5	2	1	0
    87008	2016-09-07 12:06:48	5	2	1	0
    87107	2016-09-07 12:07:16	5	2	1	0
    88098	2016-09-07 12:07:22	5	2	1	0
    76057	2016-09-07 12:07:32	5	2	1	0
    87055	2016-09-07 12:07:41	5	2	15	0
    95019	2016-09-07 12:07:51	5	2	1	0
    57007	2016-09-07 12:08:13	5	2	1	0
    73070	2016-09-07 12:08:20	5	2	1	0
    81058	2016-09-07 12:08:33	5	2	1	0
    61063	2016-09-07 12:09:00	5	2	1	0
    65033	2016-09-07 12:09:17	5	2	1	0
    90068	2016-09-07 12:09:21	5	2	1	0
    87130	2016-09-07 12:09:27	5	2	1	0
    72067	2016-09-07 12:09:33	5	2	1	0
    72066	2016-09-07 12:10:18	5	2	1	0
    83085	2016-09-07 12:10:33	5	2	1	0
    72025	2016-09-07 12:11:28	5	2	1	0
    82043	2016-09-07 12:11:50	5	2	1	0
    88019	2016-09-07 12:11:56	5	2	1	0
    93008	2016-09-07 12:12:10	5	2	1	0
    86118	2016-09-07 12:12:16	5	2	1	0
    75136	2016-09-07 12:13:10	5	2	1	0
    90087	2016-09-07 12:13:23	5	2	1	0
    65054	2016-09-07 12:13:50	5	2	15	0
    74124	2016-09-07 12:15:52	5	2	1	0
    92071	2016-09-07 12:17:46	5	2	1	0
    76078	2016-09-07 12:19:49	5	2	1	0
    71116	2016-09-07 12:20:01	5	2	1	0
    94009	2016-09-07 12:20:59	5	2	1	0
    59011	2016-09-07 12:22:47	5	2	15	0
    78004	2016-09-07 12:23:14	5	2	1	0
    81161	2016-09-07 12:23:19	5	2	1	0
    87032	2016-09-07 12:23:47	5	2	1	0
    71007	2016-09-07 12:24:05	5	2	1	0
    89052	2016-09-07 12:24:27	5	2	1	0
    80005	2016-09-07 12:24:33	5	2	1	0
    77005	2016-09-07 12:24:41	5	2	1	0
    94031	2016-09-07 12:24:50	5	2	1	0
    94030	2016-09-07 12:24:59	5	2	15	0
    77120	2016-09-07 12:25:20	5	2	1	0
    82009	2016-09-07 12:25:24	5	2	1	0
    94005	2016-09-07 12:25:37	5	2	1	0
    79008	2016-09-07 12:26:31	5	2	1	0
    94014	2016-09-07 12:26:38	5	2	1	0
    66012	2016-09-07 12:26:50	5	2	1	0
    79013	2016-09-07 12:26:53	5	2	1	0
    78052	2016-09-07 12:27:11	5	2	15	0
    79008	2016-09-07 12:27:45	5	2	15	0
    77120	2016-09-07 12:28:20	5	2	15	0
    59011	2016-09-07 12:31:04	5	2	1	0
    78004	2016-09-07 12:31:14	5	2	1	0
    77120	2016-09-07 12:31:18	5	2	1	0
    66012	2016-09-07 12:31:25	5	2	1	0
    94014	2016-09-07 12:31:29	5	2	1	0
    79013	2016-09-07 12:31:38	5	2	1	0
    79008	2016-09-07 12:31:44	5	2	1	0
    78052	2016-09-07 12:32:02	5	2	1	0
    94031	2016-09-07 12:32:09	5	2	15	0
    94030	2016-09-07 12:32:17	5	2	15	0
    94005	2016-09-07 12:32:26	5	2	1	0
    52039	2016-09-07 12:32:31	5	2	1	0
    81161	2016-09-07 12:32:40	5	2	1	0
    75079	2016-09-07 12:32:50	5	2	1	0
    74075	2016-09-07 12:32:56	5	2	1	0
    71116	2016-09-07 12:33:02	5	2	1	0
    78113	2016-09-07 12:33:10	5	2	1	0
    76078	2016-09-07 12:33:18	5	2	1	0
    72066	2016-09-07 12:33:23	5	2	1	0
    67065	2016-09-07 12:33:27	5	2	1	0
    90087	2016-09-07 12:33:32	5	2	1	0
    75136	2016-09-07 12:33:36	5	2	1	0
    90094	2016-09-07 12:33:40	5	2	1	0
    77005	2016-09-07 12:33:44	5	2	1	0
    95011	2016-09-07 12:33:51	5	2	1	0
    78115	2016-09-07 12:33:56	5	2	1	0
    66058	2016-09-07 12:34:10	5	2	15	0
    93046	2016-09-07 12:34:14	5	2	1	0
    80173	2016-09-07 12:34:41	5	2	1	0
    71122	2016-09-07 12:34:46	5	2	1	0
    85143	2016-09-07 12:35:03	5	2	1	0
    92071	2016-09-07 12:36:19	5	2	1	0
    87008	2016-09-07 12:36:37	5	2	1	0
    86118	2016-09-07 12:36:58	5	2	1	0
    71007	2016-09-07 12:37:20	5	2	1	0
    98903	2016-09-07 12:37:36	5	2	1	0
    98904	2016-09-07 12:37:40	5	2	1	0
    66067	2016-09-07 12:37:54	5	2	1	0
    90068	2016-09-07 12:37:59	5	2	1	0
    88098	2016-09-07 12:38:06	5	2	15	0
    62067	2016-09-07 12:38:15	5	2	1	0
    73081	2016-09-07 12:38:26	5	2	1	0
    63039	2016-09-07 12:38:36	5	2	1	0
    66025	2016-09-07 12:38:41	5	2	15	0
    65054	2016-09-07 12:39:02	5	2	15	0
    82009	2016-09-07 12:39:10	5	2	1	0
    73049	2016-09-07 12:39:21	5	2	1	0
    87055	2016-09-07 12:39:25	5	2	1	0
    57007	2016-09-07 12:39:33	5	2	1	0
    95010	2016-09-07 12:39:38	5	2	1	0
    96006	2016-09-07 12:39:43	5	2	1	0
    95019	2016-09-07 12:39:49	5	2	1	0
    77066	2016-09-07 12:40:10	5	2	1	0
    61063	2016-09-07 12:40:21	5	2	1	0
    69081	2016-09-07 12:40:32	5	2	1	0
    81074	2016-09-07 12:40:37	5	2	1	0
    58056	2016-09-07 12:40:59	5	2	15	0
    87107	2016-09-07 12:41:06	5	2	1	0
    88015	2016-09-07 12:41:10	5	2	1	0
    64090	2016-09-07 12:41:20	5	2	1	0
    62002	2016-09-07 12:41:27	5	2	1	0
    93008	2016-09-07 12:42:41	5	2	1	0
    82043	2016-09-07 12:42:44	5	2	1	0
    86142	2016-09-07 12:42:49	5	2	1	0
    83085	2016-09-07 12:42:58	5	2	1	0
    65033	2016-09-07 12:43:09	5	2	1	0
    89052	2016-09-07 12:43:19	5	2	1	0
    85089	2016-09-07 12:43:32	5	2	1	0
    81058	2016-09-07 12:43:46	5	2	1	0
    87032	2016-09-07 12:44:00	5	2	1	0
    72025	2016-09-07 12:44:09	5	2	1	0
    94009	2016-09-07 12:44:21	5	2	1	0
    87130	2016-09-07 12:44:28	5	2	1	0
    72067	2016-09-07 12:44:37	5	2	1	0
    88019	2016-09-07 12:45:05	5	2	1	0
    74124	2016-09-07 12:47:47	5	2	1	0
    78014	2016-09-07 12:49:18	5	2	1	0
    80005	2016-09-07 12:50:02	5	2	1	0
    76057	2016-09-07 12:52:40	5	2	1	0
    88061	2016-09-07 12:56:57	5	2	1	0
    84088	2016-09-07 12:59:49	5	2	1	0
    81090	2016-09-07 13:01:18	5	2	1	0
    87003	2016-09-07 13:04:06	5	2	1	0
    81018	2016-09-07 13:10:13	5	2	1	0
    85089	2016-09-07 17:00:03	5	2	1	0
    63039	2016-09-07 17:00:12	5	2	1	0
    87008	2016-09-07 17:00:17	5	2	1	0
    80005	2016-09-07 17:00:21	5	2	1	0
    81018	2016-09-07 17:00:28	5	2	1	0
    87032	2016-09-07 17:00:38	5	2	1	0
    87055	2016-09-07 17:00:41	5	2	1	0
    81074	2016-09-07 17:00:50	5	2	1	0
    83085	2016-09-07 17:00:57	5	2	1	0
    86142	2016-09-07 17:01:06	5	2	1	0
    57007	2016-09-07 17:01:14	5	2	1	0
    78113	2016-09-07 17:01:19	5	2	1	0
    78014	2016-09-07 17:01:28	5	2	1	0
    74075	2016-09-07 17:01:33	5	2	1	0
    64090	2016-09-07 17:01:43	5	2	1	0
    63068	2016-09-07 17:01:47	5	2	15	0
    67016	2016-09-07 17:01:51	5	2	1	0
    77018	2016-09-07 17:01:56	5	2	1	0
    72025	2016-09-07 17:02:00	5	2	1	0
    81058	2016-09-07 17:02:06	5	2	1	0
    72067	2016-09-07 17:02:14	5	2	1	0
    75079	2016-09-07 17:02:19	5	2	1	0
    71122	2016-09-07 17:02:24	5	2	1	0
    80173	2016-09-07 17:02:28	5	2	1	0
    95010	2016-09-07 17:02:32	5	2	1	0
    95011	2016-09-07 17:02:35	5	2	1	0
    61063	2016-09-07 17:02:52	5	2	1	0
    62067	2016-09-07 17:02:57	5	2	1	0
    93046	2016-09-07 17:03:09	5	2	1	0
    79008	2016-09-07 17:03:13	5	2	1	0
    66058	2016-09-07 17:03:19	5	2	15	0
    73081	2016-09-07 17:03:26	5	2	1	0
    89052	2016-09-07 17:03:35	5	2	1	0
    72066	2016-09-07 17:03:45	5	2	15	0
    95019	2016-09-07 17:03:52	5	2	1	0
    88015	2016-09-07 17:03:56	5	2	1	0
    88019	2016-09-07 17:04:04	5	2	1	0
    94014	2016-09-07 17:04:08	5	2	1	0
    54024	2016-09-07 17:04:16	5	2	1	0
    74009	2016-09-07 17:04:21	5	2	1	0
    71093	2016-09-07 17:04:29	5	2	1	0
    96006	2016-09-07 17:04:34	5	2	1	0
    94030	2016-09-07 17:04:51	5	2	15	0
    94031	2016-09-07 17:04:59	5	2	15	0
    87130	2016-09-07 17:06:27	5	2	1	0
    90068	2016-09-07 17:06:31	5	2	1	0
    92071	2016-09-07 17:06:35	5	2	1	0
    78004	2016-09-07 17:06:55	5	2	1	0
    59011	2016-09-07 17:07:00	5	2	1	0
    65033	2016-09-07 17:07:10	5	2	1	0
    74124	2016-09-07 17:07:17	5	2	1	0
    77066	2016-09-07 17:07:28	5	2	1	0
    76078	2016-09-07 17:07:34	5	2	1	0
    78115	2016-09-07 17:07:47	5	2	1	0
    59028	2016-09-07 17:07:59	5	2	15	0
    86118	2016-09-07 17:08:21	5	2	1	0
    75136	2016-09-07 17:08:27	5	2	1	0
    81161	2016-09-07 17:08:35	5	2	1	0
    71007	2016-09-07 17:08:52	5	2	1	0
    88098	2016-09-07 17:14:07	5	2	15	0
    82043	2016-09-07 17:14:25	5	2	1	0
    76057	2016-09-07 17:15:40	5	2	1	0
    52039	2016-09-07 17:17:29	5	2	1	0
    77120	2016-09-07 17:18:33	5	2	1	0
    66073	2016-09-07 17:21:41	5	2	15	0
    66012	2016-09-07 17:29:52	5	2	15	0
    87107	2016-09-07 17:33:05	5	2	1	0
    62002	2016-09-07 17:36:53	5	2	15	0
    77005	2016-09-07 17:38:50	5	2	15	0
    94005	2016-09-07 17:48:53	5	2	1	0
    79013	2016-09-07 17:52:32	5	2	1	0
    94009	2016-09-07 17:57:14	5	2	1	0
    82009	2016-09-07 17:57:33	5	2	1	0
    65074	2016-09-07 17:57:39	5	2	1	0
    69081	2016-09-07 18:05:12	5	2	1	0
    78052	2016-09-07 18:37:17	5	2	1	0
    85141	2016-09-08 06:31:30	5	2	1	0
    75136	2016-09-08 06:37:46	5	2	1	0
    71023	2016-09-08 06:42:08	5	2	15	0
    59011	2016-09-08 06:47:14	5	2	15	0
    75079	2016-09-08 06:49:51	5	2	1	0
    62067	2016-09-08 06:53:23	5	2	1	0
    81161	2016-09-08 06:57:51	5	2	1	0
    71093	2016-09-08 07:06:36	5	2	1	0
    64041	2016-09-08 07:11:03	5	2	15	0
    64041	2016-09-08 07:12:04	5	2	1	0
    71094	2016-09-08 07:14:40	5	2	1	0
    98904	2016-09-08 07:14:45	5	2	1	0
    94030	2016-09-08 07:14:56	5	2	1	0
    77018	2016-09-08 07:18:44	5	2	15	0
    77013	2016-09-08 07:19:30	5	2	15	0
    62052	2016-09-08 07:19:41	5	2	15	0
    67016	2016-09-08 07:22:20	5	2	1	0
    77120	2016-09-08 07:23:26	5	2	1	0
    66012	2016-09-08 07:23:28	5	2	1	0
    65038	2016-09-08 07:24:52	5	2	1	0
    90068	2016-09-08 07:24:59	5	2	1	0
    74123	2016-09-08 07:25:05	5	2	1	0
    90094	2016-09-08 07:26:19	5	2	1	0
    80150	2016-09-08 07:26:24	5	2	1	0
    76023	2016-09-08 07:26:31	5	2	1	0
    79008	2016-09-08 07:29:06	5	2	1	0
    64048	2016-09-08 07:29:14	5	2	1	0
    72025	2016-09-08 07:31:13	5	2	1	0
    61063	2016-09-08 07:31:20	5	2	1	0
    95009	2016-09-08 07:31:26	5	2	1	0
    73081	2016-09-08 07:32:23	5	2	1	0
    52027	2016-09-08 07:32:30	5	2	1	0
    87042	2016-09-08 07:32:37	5	2	1	0
    64090	2016-09-08 07:32:50	5	2	1	0
    66083	2016-09-08 07:33:21	5	2	1	0
    79013	2016-09-08 07:35:08	5	2	1	0
    78113	2016-09-08 07:37:39	5	2	1	0
    94031	2016-09-08 07:37:44	5	2	1	0
    82149	2016-09-08 07:37:51	5	2	1	0
    87130	2016-09-08 07:38:12	5	2	1	0
    87055	2016-09-08 07:38:15	5	2	1	0
    71116	2016-09-08 07:38:26	5	2	1	0
    95010	2016-09-08 07:40:27	5	2	1	0
    94014	2016-09-08 07:40:46	5	2	1	0
    81058	2016-09-08 07:42:41	5	2	1	0
    65054	2016-09-08 07:42:53	5	2	1	0
    90079	2016-09-08 07:43:01	5	2	1	0
    86142	2016-09-08 07:43:09	5	2	1	0
    95019	2016-09-08 07:43:20	5	2	1	0
    63068	2016-09-08 07:43:24	5	2	1	0
    90010	2016-09-08 07:43:33	5	2	15	0
    73070	2016-09-08 07:43:37	5	2	1	0
    79139	2016-09-08 07:43:59	5	2	1	0
    94010	2016-09-08 07:44:04	5	2	1	0
    78014	2016-09-08 07:44:12	5	2	1	0
    93046	2016-09-08 07:44:44	5	2	1	0
    76009	2016-09-08 07:45:38	5	2	1	0
    82160	2016-09-08 07:45:48	5	2	15	0
    54024	2016-09-08 07:46:02	5	2	1	0
    95023	2016-09-08 07:46:09	5	2	1	0
    76057	2016-09-08 07:46:26	5	2	1	0
    72067	2016-09-08 07:46:37	5	2	1	0
    57038	2016-09-08 07:47:00	5	2	1	0
    80173	2016-09-08 07:47:17	5	2	1	0
    56001	2016-09-08 07:47:35	5	2	15	0
    78004	2016-09-08 07:49:28	5	2	1	0
    75020	2016-09-08 07:50:00	5	2	1	0
    74124	2016-09-08 07:50:25	5	2	1	0
    87032	2016-09-08 07:50:54	5	2	1	0
    71007	2016-09-08 07:51:13	5	2	1	0
    85144	2016-09-08 07:51:30	5	2	1	0
    77066	2016-09-08 07:51:47	5	2	15	0
    88061	2016-09-08 07:52:46	5	2	1	0
    74075	2016-09-08 07:54:22	5	2	1	0
    94006	2016-09-08 07:54:27	5	2	1	0
    72066	2016-09-08 07:54:31	5	2	1	0
    81074	2016-09-08 07:54:36	5	2	1	0
    79020	2016-09-08 07:54:46	5	2	1	0
    83085	2016-09-08 07:55:36	5	2	1	0
    57007	2016-09-08 07:55:42	5	2	1	0
    88098	2016-09-08 07:56:39	5	2	15	0
    84023	2016-09-08 07:57:38	5	2	1	0
    76124	2016-09-08 07:57:59	5	2	1	0
    82120	2016-09-08 07:58:08	5	2	1	0
    69011	2016-09-08 07:58:35	5	2	1	0
    82127	2016-09-08 07:59:07	5	2	1	0
    54027	2016-09-08 07:59:44	5	2	1	0
    82156	2016-09-08 07:59:50	5	2	1	0
    63039	2016-09-08 08:00:58	5	2	15	0
    62002	2016-09-08 08:03:41	5	2	15	0
    87003	2016-09-08 08:07:00	5	2	1	0
    88015	2016-09-08 08:07:35	5	2	1	0
    82009	2016-09-08 08:07:57	5	2	1	0
    69081	2016-09-08 08:08:05	5	2	1	0
    94009	2016-09-08 08:08:45	5	2	1	0
    79151	2016-09-08 08:09:15	5	2	1	0
    78115	2016-09-08 08:09:50	5	2	1	0
    78052	2016-09-08 08:09:58	5	2	1	0
    86118	2016-09-08 08:13:27	5	2	1	0
    79011	2016-09-08 08:13:32	5	2	1	0
    81009	2016-09-08 08:13:36	5	2	1	0
    85089	2016-09-08 08:14:06	5	2	1	0
    56006	2016-09-08 08:14:12	5	2	1	0
    76145	2016-09-08 08:14:44	5	2	1	0
    64014	2016-09-08 08:15:43	5	2	1	0
    56030	2016-09-08 08:27:57	5	2	15	0
    62002	2016-09-08 12:00:14	5	2	15	0
    77066	2016-09-08 12:00:32	5	2	1	0
    75079	2016-09-08 12:00:37	5	2	1	0
    93046	2016-09-08 12:00:41	5	2	1	0
    65033	2016-09-08 12:00:46	5	2	1	0
    78014	2016-09-08 12:00:51	5	2	1	0
    64090	2016-09-08 12:00:59	5	2	1	0
    96006	2016-09-08 12:01:13	5	2	1	0
    62067	2016-09-08 12:01:34	5	2	1	0
    71122	2016-09-08 12:01:51	5	2	1	0
    80173	2016-09-08 12:02:12	5	2	1	0
    81161	2016-09-08 12:02:20	5	2	1	0
    95010	2016-09-08 12:02:59	5	2	1	0
    95011	2016-09-08 12:03:12	5	2	1	0
    88015	2016-09-08 12:03:18	5	2	1	0
    67065	2016-09-08 12:03:51	5	2	15	0
    82120	2016-09-08 12:03:58	5	2	15	0
    63039	2016-09-08 12:04:06	5	2	15	0
    72066	2016-09-08 12:05:10	5	2	1	0
    85089	2016-09-08 12:05:38	5	2	1	0
    85143	2016-09-08 12:05:57	5	2	1	0
    87042	2016-09-08 12:06:04	5	2	15	0
    72025	2016-09-08 12:06:24	5	2	1	0
    86142	2016-09-08 12:06:47	5	2	1	0
    83085	2016-09-08 12:07:02	5	2	1	0
    81074	2016-09-08 12:07:13	5	2	1	0
    95023	2016-09-08 12:07:19	5	2	1	0
    79020	2016-09-08 12:07:29	5	2	1	0
    73081	2016-09-08 12:07:35	5	2	1	0
    82043	2016-09-08 12:07:44	5	2	1	0
    98904	2016-09-08 12:07:51	5	2	1	0
    87008	2016-09-08 12:07:54	5	2	1	0
    90068	2016-09-08 12:07:57	5	2	1	0
    87130	2016-09-08 12:08:03	5	2	1	0
    88098	2016-09-08 12:08:09	5	2	1	0
    84152	2016-09-08 12:08:17	5	2	1	0
    85036	2016-09-08 12:08:24	5	2	1	0
    87055	2016-09-08 12:09:22	5	2	1	0
    76023	2016-09-08 12:09:32	5	2	1	0
    82009	2016-09-08 12:09:37	5	2	1	0
    75136	2016-09-08 12:09:44	5	2	1	0
    94009	2016-09-08 12:09:49	5	2	1	0
    95009	2016-09-08 12:09:53	5	2	1	0
    69081	2016-09-08 12:10:02	5	2	1	0
    90094	2016-09-08 12:10:09	5	2	1	0
    90087	2016-09-08 12:10:13	5	2	1	0
    87107	2016-09-08 12:10:18	5	2	1	0
    95019	2016-09-08 12:10:22	5	2	1	0
    88019	2016-09-08 12:11:30	5	2	1	0
    80005	2016-09-08 12:11:43	5	2	1	0
    82127	2016-09-08 12:11:52	5	2	1	0
    61063	2016-09-08 12:12:25	5	2	1	0
    78115	2016-09-08 12:12:29	5	2	1	0
    76057	2016-09-08 12:13:51	5	2	1	0
    57007	2016-09-08 12:14:31	5	2	1	0
    86118	2016-09-08 12:14:43	5	2	1	0
    72067	2016-09-08 12:14:59	5	2	1	0
    64014	2016-09-08 12:15:49	5	2	15	0
    87032	2016-09-08 12:16:52	5	2	1	0
    94006	2016-09-08 12:16:58	5	2	1	0
    81058	2016-09-08 12:18:14	5	2	1	0
    76023	2016-09-08 12:19:29	5	2	1	0
    59011	2016-09-08 12:20:13	5	2	1	0
    78004	2016-09-08 12:20:21	5	2	1	0
    88120	2016-09-08 12:20:26	5	2	1	0
    94005	2016-09-08 12:20:30	5	2	1	0
    71094	2016-09-08 12:20:38	5	2	15	0
    77120	2016-09-08 12:21:00	5	2	15	0
    65054	2016-09-08 12:21:47	5	2	1	0
    71007	2016-09-08 12:22:30	5	2	1	0
    76078	2016-09-08 12:24:16	5	2	1	0
    94014	2016-09-08 12:25:15	5	2	1	0
    79008	2016-09-08 12:25:21	5	2	15	0
    79013	2016-09-08 12:25:38	5	2	1	0
    66012	2016-09-08 12:25:49	5	2	1	0
    87060	2016-09-08 12:26:03	5	2	1	0
    76009	2016-09-08 12:26:09	5	2	1	0
    94031	2016-09-08 12:26:12	5	2	1	0
    78052	2016-09-08 12:26:18	5	2	1	0
    82160	2016-09-08 12:26:26	5	2	1	0
    94030	2016-09-08 12:26:31	5	2	1	0
    81009	2016-09-08 12:26:52	5	2	15	0
    77120	2016-09-08 12:27:15	5	2	1	0
    59011	2016-09-08 12:31:03	5	2	1	0
    77120	2016-09-08 12:31:11	5	2	1	0
    88120	2016-09-08 12:31:15	5	2	1	0
    78004	2016-09-08 12:31:19	5	2	1	0
    71094	2016-09-08 12:31:24	5	2	1	0
    94005	2016-09-08 12:31:28	5	2	1	0
    91063	2016-09-08 12:31:32	5	2	1	0
    94014	2016-09-08 12:31:38	5	2	1	0
    66012	2016-09-08 12:31:44	5	2	1	0
    79008	2016-09-08 12:31:54	5	2	1	0
    79013	2016-09-08 12:32:01	5	2	1	0
    76009	2016-09-08 12:32:13	5	2	1	0
    78052	2016-09-08 12:32:17	5	2	15	0
    87060	2016-09-08 12:32:29	5	2	1	0
    81009	2016-09-08 12:32:36	5	2	15	0
    94030	2016-09-08 12:32:42	5	2	15	0
    94031	2016-09-08 12:32:48	5	2	15	0
    82120	2016-09-08 12:32:55	5	2	1	0
    67065	2016-09-08 12:33:00	5	2	1	0
    79020	2016-09-08 12:33:03	5	2	1	0
    76078	2016-09-08 12:33:07	5	2	1	0
    82160	2016-09-08 12:33:11	5	2	1	0
    95011	2016-09-08 12:33:18	5	2	1	0
    77066	2016-09-08 12:33:21	5	2	1	0
    74075	2016-09-08 12:33:27	5	2	1	0
    93046	2016-09-08 12:33:34	5	2	1	0
    71007	2016-09-08 12:33:38	5	2	1	0
    80173	2016-09-08 12:33:43	5	2	1	0
    85143	2016-09-08 12:33:47	5	2	1	0
    90068	2016-09-08 12:33:54	5	2	1	0
    65033	2016-09-08 12:34:00	5	2	1	0
    87032	2016-09-08 12:34:40	5	2	1	0
    72066	2016-09-08 12:35:06	5	2	1	0
    76057	2016-09-08 12:36:00	5	2	1	0
    95010	2016-09-08 12:36:12	5	2	1	0
    96006	2016-09-08 12:36:15	5	2	1	0
    64090	2016-09-08 12:36:25	5	2	1	0
    73036	2016-09-08 12:36:32	5	2	1	0
    85089	2016-09-08 12:36:38	5	2	1	0
    75136	2016-09-08 12:36:47	5	2	1	0
    62052	2016-09-08 12:36:52	5	2	1	0
    87008	2016-09-08 12:36:57	5	2	1	0
    84152	2016-09-08 12:37:04	5	2	1	0
    94009	2016-09-08 12:37:20	5	2	1	0
    64014	2016-09-08 12:37:27	5	2	15	0
    78115	2016-09-08 12:37:38	5	2	1	0
    60046	2016-09-08 12:38:23	5	2	15	0
    81119	2016-09-08 12:38:39	5	2	1	0
    72025	2016-09-08 12:38:45	5	2	1	0
    81058	2016-09-08 12:38:51	5	2	1	0
    95023	2016-09-08 12:38:58	5	2	1	0
    75079	2016-09-08 12:39:10	5	2	1	0
    80005	2016-09-08 12:39:40	5	2	1	0
    88098	2016-09-08 12:40:13	5	2	1	0
    83085	2016-09-08 12:40:35	5	2	1	0
    81074	2016-09-08 12:40:53	5	2	1	0
    86142	2016-09-08 12:41:00	5	2	1	0
    71122	2016-09-08 12:41:16	5	2	1	0
    80150	2016-09-08 12:41:41	5	2	1	0
    66067	2016-09-08 12:42:35	5	2	15	0
    87042	2016-09-08 12:42:45	5	2	1	0
    63039	2016-09-08 12:42:59	5	2	15	0
    87130	2016-09-08 12:43:25	5	2	1	0
    78014	2016-09-08 12:43:31	5	2	1	0
    64019	2016-09-08 12:44:58	5	2	1	0
    62067	2016-09-08 12:45:27	5	2	1	0
    73081	2016-09-08 12:45:34	5	2	1	0
    87107	2016-09-08 12:45:49	5	2	1	0
    57007	2016-09-08 12:46:21	5	2	1	0
    61063	2016-09-08 12:46:26	5	2	1	0
    82043	2016-09-08 12:48:03	5	2	15	0
    98904	2016-09-08 12:48:18	5	2	1	0
    82009	2016-09-08 12:48:22	5	2	1	0
    87055	2016-09-08 12:48:51	5	2	1	0
    88019	2016-09-08 12:49:09	5	2	1	0
    95019	2016-09-08 12:49:15	5	2	1	0
    88015	2016-09-08 12:49:26	5	2	1	0
    62002	2016-09-08 12:49:39	5	2	15	0
    85036	2016-09-08 12:49:48	5	2	1	0
    76023	2016-09-08 12:51:12	5	2	1	0
    88061	2016-09-08 12:51:19	5	2	15	0
    94006	2016-09-08 12:53:27	5	2	1	0
    72067	2016-09-08 12:53:33	5	2	15	0
    82127	2016-09-08 12:53:42	5	2	15	0
    69081	2016-09-08 12:55:13	5	2	1	0
    87003	2016-09-08 13:04:05	5	2	1	0
    80150	2016-09-08 17:00:04	5	2	1	0
    63039	2016-09-08 17:00:08	5	2	1	0
    69081	2016-09-08 17:00:12	5	2	1	0
    65033	2016-09-08 17:00:16	5	2	15	0
    71094	2016-09-08 17:00:38	5	2	1	0
    77018	2016-09-08 17:00:43	5	2	15	0
    85089	2016-09-08 17:00:48	5	2	1	0
    82043	2016-09-08 17:01:16	5	2	1	0
    98904	2016-09-08 17:01:21	5	2	1	0
    95023	2016-09-08 17:01:24	5	2	1	0
    78014	2016-09-08 17:01:28	5	2	1	0
    67016	2016-09-08 17:01:32	5	2	1	0
    72067	2016-09-08 17:01:37	5	2	1	0
    64090	2016-09-08 17:01:43	5	2	1	0
    73081	2016-09-08 17:01:49	5	2	1	0
    87055	2016-09-08 17:01:53	5	2	1	0
    92071	2016-09-08 17:02:00	5	2	1	0
    94031	2016-09-08 17:02:04	5	2	1	0
    94030	2016-09-08 17:02:10	5	2	1	0
    63068	2016-09-08 17:02:17	5	2	1	0
    62067	2016-09-08 17:02:21	5	2	1	0
    75079	2016-09-08 17:02:25	5	2	1	0
    93046	2016-09-08 17:02:29	5	2	1	0
    81074	2016-09-08 17:02:34	5	2	1	0
    83085	2016-09-08 17:02:41	5	2	1	0
    81058	2016-09-08 17:02:46	5	2	1	0
    66058	2016-09-08 17:03:01	5	2	15	0
    86142	2016-09-08 17:03:14	5	2	1	0
    72025	2016-09-08 17:03:21	5	2	1	0
    90068	2016-09-08 17:03:29	5	2	1	0
    61063	2016-09-08 17:03:35	5	2	1	0
    62002	2016-09-08 17:03:38	5	2	15	0
    81161	2016-09-08 17:03:51	5	2	1	0
    86118	2016-09-08 17:03:59	5	2	1	0
    84152	2016-09-08 17:04:03	5	2	1	0
    88015	2016-09-08 17:04:07	5	2	1	0
    95019	2016-09-08 17:04:10	5	2	1	0
    88019	2016-09-08 17:04:15	5	2	1	0
    79008	2016-09-08 17:04:21	5	2	1	0
    82127	2016-09-08 17:04:28	5	2	1	0
    76078	2016-09-08 17:04:32	5	2	1	0
    72066	2016-09-08 17:04:36	5	2	15	0
    74075	2016-09-08 17:04:50	5	2	1	0
    82120	2016-09-08 17:04:56	5	2	15	0
    87008	2016-09-08 17:05:06	5	2	1	0
    87042	2016-09-08 17:05:35	5	2	15	0
    78115	2016-09-08 17:06:06	5	2	1	0
    88120	2016-09-08 17:06:17	5	2	1	0
    62052	2016-09-08 17:06:23	5	2	1	0
    71007	2016-09-08 17:06:28	5	2	1	0
    82160	2016-09-08 17:06:53	5	2	1	0
    85141	2016-09-08 17:06:59	5	2	1	0
    87107	2016-09-08 17:07:04	5	2	1	0
    87060	2016-09-08 17:07:12	5	2	1	0
    94006	2016-09-08 17:07:16	5	2	1	0
    64019	2016-09-08 17:08:05	5	2	1	0
    78004	2016-09-08 17:08:18	5	2	1	0
    94014	2016-09-08 17:08:27	5	2	15	0
    59011	2016-09-08 17:08:41	5	2	1	0
    71093	2016-09-08 17:10:18	5	2	1	0
    80005	2016-09-08 17:10:41	5	2	1	0
    64014	2016-09-08 17:10:51	5	2	15	0
    65054	2016-09-08 17:10:58	5	2	1	0
    76023	2016-09-08 17:11:09	5	2	15	0
    87032	2016-09-08 17:11:29	5	2	1	0
    94005	2016-09-08 17:11:34	5	2	1	0
    77120	2016-09-08 17:12:02	5	2	15	0
    76009	2016-09-08 17:13:02	5	2	1	0
    88098	2016-09-08 17:13:34	5	2	1	0
    66012	2016-09-08 17:16:38	5	2	1	0
    87130	2016-09-08 17:18:08	5	2	1	0
    74124	2016-09-08 17:20:13	5	2	1	0
    79013	2016-09-08 17:22:48	5	2	1	0
    95011	2016-09-08 17:23:28	5	2	1	0
    80173	2016-09-08 17:23:32	5	2	1	0
    95010	2016-09-08 17:23:36	5	2	1	0
    71122	2016-09-08 17:23:40	5	2	1	0
    96006	2016-09-08 17:23:44	5	2	1	0
    77066	2016-09-08 17:24:55	5	2	1	0
    57007	2016-09-08 17:25:09	5	2	1	0
    81009	2016-09-08 17:25:15	5	2	15	0
    76057	2016-09-08 17:30:45	5	2	1	0
    82009	2016-09-08 18:15:53	5	2	1	0
    94009	2016-09-08 18:16:05	5	2	1	0
    78052	2016-09-08 18:56:30	5	2	1	0
    85141	2016-09-09 06:24:31	5	2	1	0
    62067	2016-09-09 06:27:13	5	2	1	0
    75136	2016-09-09 06:44:17	5	2	1	0
    71023	2016-09-09 06:51:56	5	2	15	0
    75079	2016-09-09 06:53:21	5	2	1	0
    65066	2016-09-09 06:53:26	5	2	15	0
    71069	2016-09-09 06:54:51	5	2	15	0
    81161	2016-09-09 06:57:26	5	2	1	0
    63068	2016-09-09 06:57:52	5	2	1	0
    93008	2016-09-09 07:03:24	5	2	1	0
    66012	2016-09-09 07:05:16	5	2	15	0
    65033	2016-09-09 07:05:22	5	2	15	0
    94030	2016-09-09 07:11:36	5	2	15	0
    87130	2016-09-09 07:19:35	5	2	1	0
    80150	2016-09-09 07:20:06	5	2	1	0
    77120	2016-09-09 07:21:39	5	2	1	0
    62052	2016-09-09 07:21:51	5	2	15	0
    86156	2016-09-09 07:22:55	5	2	1	0
    90094	2016-09-09 07:25:09	5	2	1	0
    72025	2016-09-09 07:27:55	5	2	1	0
    90079	2016-09-09 07:28:32	5	2	1	0
    63070	2016-09-09 07:28:39	5	2	1	0
    67016	2016-09-09 07:28:58	5	2	1	0
    57038	2016-09-09 07:29:06	5	2	1	0
    93046	2016-09-09 07:30:11	5	2	1	0
    61063	2016-09-09 07:30:36	5	2	1	0
    71116	2016-09-09 07:30:46	5	2	1	0
    78014	2016-09-09 07:32:45	5	2	1	0
    98904	2016-09-09 07:33:01	5	2	1	0
    94031	2016-09-09 07:34:06	5	2	15	0
    85144	2016-09-09 07:34:45	5	2	1	0
    86142	2016-09-09 07:36:00	5	2	1	0
    79008	2016-09-09 07:36:59	5	2	1	0
    64048	2016-09-09 07:37:06	5	2	1	0
    87032	2016-09-09 07:38:32	5	2	1	0
    76078	2016-09-09 07:38:36	5	2	1	0
    95023	2016-09-09 07:38:44	5	2	1	0
    73070	2016-09-09 07:39:45	5	2	1	0
    58075	2016-09-09 07:40:12	5	2	1	0
    77066	2016-09-09 07:40:21	5	2	1	0
    80173	2016-09-09 07:41:34	5	2	1	0
    54024	2016-09-09 07:41:48	5	2	1	0
    95019	2016-09-09 07:41:54	5	2	1	0
    64090	2016-09-09 07:42:01	5	2	1	0
    76023	2016-09-09 07:44:56	5	2	1	0
    77018	2016-09-09 07:45:03	5	2	15	0
    72067	2016-09-09 07:45:42	5	2	1	0
    75020	2016-09-09 07:46:08	5	2	1	0
    78004	2016-09-09 07:46:13	5	2	1	0
    82160	2016-09-09 07:47:05	5	2	15	0
    76009	2016-09-09 07:47:22	5	2	15	0
    66025	2016-09-09 07:48:03	5	2	1	0
    66083	2016-09-09 07:50:51	5	2	1	0
    94005	2016-09-09 07:50:59	5	2	1	0
    87060	2016-09-09 07:51:10	5	2	1	0
    71007	2016-09-09 07:51:26	5	2	1	0
    84088	2016-09-09 07:52:09	5	2	1	0
    84023	2016-09-09 07:52:39	5	2	1	0
    87008	2016-09-09 07:53:49	5	2	1	0
    81074	2016-09-09 07:54:13	5	2	1	0
    87055	2016-09-09 07:54:46	5	2	1	0
    84152	2016-09-09 07:55:48	5	2	1	0
    76124	2016-09-09 07:55:53	5	2	1	0
    81058	2016-09-09 07:56:45	5	2	1	0
    72066	2016-09-09 07:57:01	5	2	1	0
    74075	2016-09-09 07:57:29	5	2	1	0
    88061	2016-09-09 07:58:25	5	2	1	0
    82156	2016-09-09 07:58:47	5	2	1	0
    85012	2016-09-09 07:59:12	5	2	1	0
    80090	2016-09-09 07:59:19	5	2	1	0
    71121	2016-09-09 07:59:28	5	2	1	0
    82017	2016-09-09 07:59:35	5	2	1	0
    82120	2016-09-09 07:59:38	5	2	1	0
    89052	2016-09-09 08:00:32	5	2	1	0
    62002	2016-09-09 08:00:42	5	2	15	0
    75036	2016-09-09 08:00:50	5	2	1	0
    69011	2016-09-09 08:03:13	5	2	1	0
    63039	2016-09-09 08:03:30	5	2	1	0
    88015	2016-09-09 08:05:29	5	2	1	0
    56006	2016-09-09 08:06:03	5	2	1	0
    64014	2016-09-09 08:06:09	5	2	1	0
    83085	2016-09-09 08:06:14	5	2	1	0
    71063	2016-09-09 08:07:07	5	2	1	0
    78052	2016-09-09 08:07:33	5	2	1	0
    78115	2016-09-09 08:07:40	5	2	1	0
    77005	2016-09-09 08:07:48	5	2	1	0
    82127	2016-09-09 08:08:09	5	2	1	0
    82009	2016-09-09 08:08:31	5	2	1	0
    81009	2016-09-09 08:08:40	5	2	15	0
    94009	2016-09-09 08:08:56	5	2	1	0
    79139	2016-09-09 08:09:10	5	2	1	0
    81018	2016-09-09 08:11:15	5	2	1	0
    81090	2016-09-09 08:16:06	5	2	1	0
    85089	2016-09-09 08:28:40	5	2	1	0
    56030	2016-09-09 08:52:50	5	2	15	0
