    66009	2016-09-05 17:00:05	3	0	1	0
    60046	2016-09-05 17:00:14	3	0	1	0
    61011	2016-09-05 17:00:29	3	0	1	0
    61020	2016-09-05 17:00:41	3	0	1	0
    83160	2016-09-05 17:00:45	3	0	15	0
    81021	2016-09-05 17:00:55	3	0	1	0
    79011	2016-09-05 17:00:58	3	0	1	0
    73004	2016-09-05 17:01:05	3	0	1	0
    62009	2016-09-05 17:01:12	3	0	1	0
    95020	2016-09-05 17:01:18	3	0	1	0
    53016	2016-09-05 17:01:25	3	0	15	0
    86159	2016-09-05 17:01:40	3	0	1	0
    72004	2016-09-05 17:01:43	3	0	15	0
    79175	2016-09-05 17:01:53	3	0	1	0
    75006	2016-09-05 17:02:02	3	0	1	0
    95012	2016-09-05 17:02:12	3	0	1	0
    78159	2016-09-05 17:02:17	3	0	1	0
    62011	2016-09-05 17:02:24	3	0	1	0
    82017	2016-09-05 17:02:31	3	0	1	0
    63034	2016-09-05 17:02:36	3	0	1	0
    87129	2016-09-05 17:03:08	3	0	1	0
    85096	2016-09-05 17:03:17	3	0	1	0
    84011	2016-09-05 17:03:26	3	0	1	0
    89083	2016-09-05 17:03:49	3	0	1	0
    89072	2016-09-05 17:03:55	3	0	1	0
    87134	2016-09-05 17:04:19	3	0	1	0
    98746	2016-09-05 17:04:26	3	0	1	0
    68001	2016-09-05 17:04:31	3	0	1	0
    54026	2016-09-05 17:04:35	3	0	1	0
    83153	2016-09-05 17:04:49	3	0	1	0
    64001	2016-09-05 17:04:55	3	0	1	0
    95001	2016-09-05 17:05:00	3	0	1	0
    88014	2016-09-05 17:05:04	3	0	1	0
    83136	2016-09-05 17:05:11	3	0	1	0
    88116	2016-09-05 17:05:16	3	0	1	0
    89022	2016-09-05 17:05:19	3	0	1	0
    70043	2016-09-05 17:05:26	3	0	15	0
    86027	2016-09-05 17:05:32	3	0	1	0
    74001	2016-09-05 17:05:39	3	0	1	0
    77059	2016-09-05 17:05:44	3	0	1	0
    67011	2016-09-05 17:06:15	3	0	1	0
    77104	2016-09-05 17:06:21	3	0	1	0
    95016	2016-09-05 17:06:40	3	0	1	0
    63005	2016-09-05 17:06:56	3	0	1	0
    66001	2016-09-05 17:07:04	3	0	15	0
    81119	2016-09-05 17:07:58	3	0	1	0
    76124	2016-09-05 17:08:04	3	0	1	0
    73036	2016-09-05 17:08:08	3	0	1	0
    77021	2016-09-05 17:08:18	3	0	1	0
    78017	2016-09-05 17:08:24	3	0	1	0
    85139	2016-09-05 17:08:28	3	0	1	0
    84008	2016-09-05 17:08:32	3	0	1	0
    82100	2016-09-05 17:08:40	3	0	1	0
    68057	2016-09-05 17:08:49	3	0	1	0
    69016	2016-09-05 17:09:00	3	0	1	0
    63004	2016-09-05 17:09:07	3	0	1	0
    60018	2016-09-05 17:13:18	3	0	1	0
    87131	2016-09-05 17:15:10	3	0	1	0
    85139	2016-09-05 17:15:24	3	0	1	0
    91024	2016-09-05 17:16:23	3	0	15	0
    65012	2016-09-05 17:16:34	3	0	1	0
    82156	2016-09-05 17:17:25	3	0	15	0
    86155	2016-09-05 17:19:29	3	0	1	0
    79112	2016-09-05 17:21:30	3	0	1	0
    92004	2016-09-05 17:21:55	3	0	1	0
    53014	2016-09-05 17:23:50	3	0	15	0
    80043	2016-09-05 17:24:59	3	0	15	0
    88020	2016-09-05 17:25:06	3	0	15	0
    80090	2016-09-05 17:25:26	3	0	15	0
    63012	2016-09-05 17:25:36	3	0	1	0
    89080	2016-09-05 17:25:47	3	0	1	0
    86075	2016-09-05 17:29:09	3	0	1	0
    94025	2016-09-05 17:29:20	3	0	1	0
    95008	2016-09-05 17:42:19	3	0	1	0
    93007	2016-09-05 17:42:28	3	0	15	0
    89078	2016-09-05 17:42:41	3	0	15	0
    82009	2016-09-05 17:42:42	3	0	15	0
    93020	2016-09-05 17:42:59	3	0	15	0
    73044	2016-09-05 17:43:19	3	0	1	0
    95026	2016-09-05 17:43:59	3	0	15	0
    94007	2016-09-05 17:44:04	3	0	1	0
    69097	2016-09-05 17:50:09	3	0	15	0
    78121	2016-09-05 17:50:10	3	0	1	0
    83027	2016-09-05 17:50:20	3	0	15	0
    82149	2016-09-05 17:50:25	3	0	1	0
    67010	2016-09-05 18:16:28	3	0	1	0
    92067	2016-09-05 18:47:13	3	0	1	0
    91064	2016-09-05 18:47:15	3	0	1	0
    92068	2016-09-05 18:47:20	3	0	1	0
    90097	2016-09-05 18:47:24	3	0	1	0
    93050	2016-09-05 18:47:31	3	0	1	0
    96004	2016-09-05 18:47:44	3	0	15	0
    92065	2016-09-05 18:47:49	3	0	1	0
    96004	2016-09-06 07:04:30	3	0	15	0
    82100	2016-09-06 07:06:15	3	0	1	0
    79112	2016-09-06 07:06:22	3	0	1	0
    66001	2016-09-06 07:06:50	3	0	15	0
    70043	2016-09-06 07:17:48	3	0	15	0
    94007	2016-09-06 07:20:40	3	0	1	0
    60046	2016-09-06 07:20:49	3	0	1	0
    86159	2016-09-06 07:24:30	3	0	1	0
    67010	2016-09-06 07:29:34	3	0	1	0
    92068	2016-09-06 07:31:54	3	0	1	0
    77021	2016-09-06 07:33:32	3	0	1	0
    84011	2016-09-06 07:37:45	3	0	1	0
    95008	2016-09-06 07:37:50	3	0	1	0
    68001	2016-09-06 07:38:12	3	0	1	0
    82149	2016-09-06 07:42:31	3	0	15	0
    95020	2016-09-06 07:46:19	3	0	1	0
    85096	2016-09-06 07:49:30	3	0	1	0
    66009	2016-09-06 07:52:03	3	0	1	0
    95016	2016-09-06 07:52:17	3	0	1	0
    88014	2016-09-06 07:52:24	3	0	1	0
    91064	2016-09-06 07:58:27	3	0	1	0
    93020	2016-09-06 07:58:43	3	0	1	0
    90073	2016-09-06 08:02:25	3	0	1	0
    86075	2016-09-06 08:03:18	3	0	1	0
    63034	2016-09-06 11:58:56	3	2	1	0
    67011	2016-09-06 12:00:14	3	2	1	0
    95020	2016-09-06 12:00:19	3	2	1	0
    86159	2016-09-06 12:00:28	3	2	1	0
    79022	2016-09-06 12:00:36	3	2	1	0
    88014	2016-09-06 12:00:44	3	2	1	0
    95001	2016-09-06 12:00:52	3	2	1	0
    86027	2016-09-06 12:00:55	3	2	1	0
    72004	2016-09-06 12:01:01	3	2	1	0
    87003	2016-09-06 12:01:11	3	2	1	0
    84011	2016-09-06 12:01:15	3	2	1	0
    85012	2016-09-06 12:01:19	3	2	1	0
    85096	2016-09-06 12:01:28	3	2	1	0
    88093	2016-09-06 12:01:31	3	2	1	0
    86075	2016-09-06 12:01:33	3	2	1	0
    98746	2016-09-06 12:01:36	3	2	1	0
    87129	2016-09-06 12:01:38	3	2	1	0
    83160	2016-09-06 12:01:41	3	2	1	0
    79175	2016-09-06 12:01:44	3	2	1	0
    82100	2016-09-06 12:01:47	3	2	1	0
    61020	2016-09-06 12:01:52	3	2	1	0
    75006	2016-09-06 12:01:59	3	2	1	0
    89083	2016-09-06 12:02:04	3	2	1	0
    85139	2016-09-06 12:02:11	3	2	1	0
    53016	2016-09-06 12:02:15	3	2	15	0
    65012	2016-09-06 12:02:23	3	2	1	0
    61011	2016-09-06 12:02:32	3	2	1	0
    64001	2016-09-06 12:03:03	3	2	1	0
    60046	2016-09-06 12:03:24	3	2	1	0
    63005	2016-09-06 12:03:33	3	2	1	0
    68001	2016-09-06 12:03:46	3	2	1	0
    62011	2016-09-06 12:03:55	3	2	1	0
    83136	2016-09-06 12:04:02	3	2	1	0
    71086	2016-09-06 12:04:12	3	2	1	0
    87134	2016-09-06 12:04:21	3	2	1	0
    62008	2016-09-06 12:04:38	3	2	1	0
    80079	2016-09-06 12:04:46	3	2	1	0
    76016	2016-09-06 12:05:09	3	2	1	0
    80053	2016-09-06 12:05:15	3	2	1	0
    66001	2016-09-06 12:05:24	3	2	1	0
    80043	2016-09-06 12:05:30	3	2	1	0
    66009	2016-09-06 12:05:36	3	2	1	0
    84008	2016-09-06 12:05:47	3	2	1	0
    91064	2016-09-06 12:06:16	3	2	1	0
    79011	2016-09-06 12:06:22	3	2	1	0
    77021	2016-09-06 12:06:28	3	2	1	0
    78017	2016-09-06 12:06:32	3	2	1	0
    69016	2016-09-06 12:07:06	3	2	1	0
    77059	2016-09-06 12:07:34	3	2	1	0
    68057	2016-09-06 12:07:53	3	2	1	0
    69065	2016-09-06 12:08:07	3	2	1	0
    62009	2016-09-06 12:08:43	3	2	1	0
    77104	2016-09-06 12:09:19	3	2	1	0
    63004	2016-09-06 12:10:23	3	2	1	0
    90097	2016-09-06 12:10:27	3	2	1	0
    92067	2016-09-06 12:10:31	3	2	1	0
    92068	2016-09-06 12:10:34	3	2	1	0
    93050	2016-09-06 12:10:43	3	2	1	0
    96004	2016-09-06 12:11:17	3	2	15	0
    76124	2016-09-06 12:13:55	3	2	1	0
    81119	2016-09-06 12:14:17	3	2	1	0
    86155	2016-09-06 12:14:23	3	2	1	0
    94007	2016-09-06 12:14:54	3	2	1	0
    93007	2016-09-06 12:15:09	3	2	1	0
    93020	2016-09-06 12:15:13	3	2	1	0
    89078	2016-09-06 12:15:35	3	2	1	0
    73036	2016-09-06 12:15:41	3	2	1	0
    90073	2016-09-06 12:16:24	3	2	1	0
    63012	2016-09-06 12:17:00	3	2	1	0
    82149	2016-09-06 12:17:17	3	2	15	0
    53014	2016-09-06 12:17:47	3	2	1	0
    54026	2016-09-06 12:18:53	3	2	1	0
    89022	2016-09-06 12:19:07	3	2	1	0
    94025	2016-09-06 12:19:11	3	2	1	0
    93009	2016-09-06 12:19:14	3	2	1	0
    79161	2016-09-06 12:19:18	3	2	1	0
    82156	2016-09-06 12:19:22	3	2	1	0
    90094	2016-09-06 12:19:25	3	2	1	0
    92050	2016-09-06 12:19:29	3	2	1	0
    86153	2016-09-06 12:19:32	3	2	1	0
    88074	2016-09-06 12:19:35	3	2	1	0
    94020	2016-09-06 12:19:39	3	2	1	0
    76135	2016-09-06 12:19:43	3	2	1	0
    92065	2016-09-06 12:19:50	3	2	1	0
    85137	2016-09-06 12:19:57	3	2	1	0
    89080	2016-09-06 12:20:01	3	2	1	0
    90087	2016-09-06 12:20:09	3	2	1	0
    95009	2016-09-06 12:20:13	3	2	1	0
    95008	2016-09-06 12:20:17	3	2	1	0
    93036	2016-09-06 12:20:24	3	2	1	0
    75136	2016-09-06 12:20:29	3	2	1	0
    79172	2016-09-06 12:20:34	3	2	1	0
    64088	2016-09-06 12:20:39	3	2	1	0
    87123	2016-09-06 12:20:44	3	2	1	0
    87124	2016-09-06 12:20:52	3	2	1	0
    71121	2016-09-06 12:20:57	3	2	1	0
    85141	2016-09-06 12:21:00	3	2	1	0
    92004	2016-09-06 12:21:04	3	2	1	0
    88116	2016-09-06 12:21:29	3	2	1	0
    95012	2016-09-06 12:21:35	3	2	1	0
    95016	2016-09-06 12:21:39	3	2	1	0
    79020	2016-09-06 12:21:51	3	2	1	0
    74001	2016-09-06 12:22:35	3	2	1	0
    73044	2016-09-06 12:24:59	3	2	1	0
    83154	2016-09-06 12:25:44	3	2	1	0
    85144	2016-09-06 12:25:48	3	2	1	0
    79112	2016-09-06 12:26:41	3	2	1	0
    64009	2016-09-06 12:27:15	3	2	1	0
    75137	2016-09-06 12:28:44	3	2	15	0
    91024	2016-09-06 12:30:13	3	2	1	0
    80090	2016-09-06 12:30:17	3	2	1	0
    85139	2016-09-06 12:30:46	3	2	15	0
    91039	2016-09-06 12:30:51	3	2	1	0
    90087	2016-09-06 12:31:02	3	2	1	0
    90094	2016-09-06 12:31:10	3	2	1	0
    83136	2016-09-06 12:31:14	3	2	1	0
    95001	2016-09-06 12:31:25	3	2	1	0
    88014	2016-09-06 12:31:37	3	2	1	0
    67010	2016-09-06 12:31:46	3	2	1	0
    76124	2016-09-06 12:31:56	3	2	1	0
    81119	2016-09-06 12:32:04	3	2	1	0
    77059	2016-09-06 12:32:26	3	2	1	0
    79175	2016-09-06 12:32:38	3	2	1	0
    61020	2016-09-06 12:32:48	3	2	1	0
    84008	2016-09-06 12:33:17	3	2	1	0
    60046	2016-09-06 12:33:28	3	2	1	0
    82017	2016-09-06 12:33:36	3	2	1	0
    63004	2016-09-06 12:33:41	3	2	1	0
    67011	2016-09-06 12:33:51	3	2	1	0
    81021	2016-09-06 12:34:02	3	2	1	0
    84023	2016-09-06 12:34:07	3	2	1	0
    86159	2016-09-06 12:34:32	3	2	1	0
    95020	2016-09-06 12:34:41	3	2	1	0
    80043	2016-09-06 12:35:30	3	2	1	0
    88020	2016-09-06 12:35:33	3	2	1	0
    77021	2016-09-06 12:35:49	3	2	1	0
    69065	2016-09-06 12:36:04	3	2	15	0
    64009	2016-09-06 12:36:10	3	2	1	0
    89083	2016-09-06 12:36:17	3	2	1	0
    68057	2016-09-06 12:36:42	3	2	1	0
    92065	2016-09-06 12:37:01	3	2	1	0
    53016	2016-09-06 12:37:29	3	2	15	0
    73044	2016-09-06 12:37:43	3	2	1	0
    68001	2016-09-06 12:38:00	3	2	1	0
    93009	2016-09-06 12:38:11	3	2	1	0
    62009	2016-09-06 12:38:19	3	2	1	0
    63005	2016-09-06 12:38:31	3	2	1	0
    74001	2016-09-06 12:38:51	3	2	1	0
    75136	2016-09-06 12:39:05	3	2	1	0
    93036	2016-09-06 12:39:11	3	2	1	0
    61011	2016-09-06 12:39:17	3	2	1	0
    66009	2016-09-06 12:39:33	3	2	1	0
    86155	2016-09-06 12:39:37	3	2	1	0
    85141	2016-09-06 12:39:40	3	2	1	0
    79173	2016-09-06 12:39:46	3	2	1	0
    83156	2016-09-06 12:39:52	3	2	1	0
    79172	2016-09-06 12:39:57	3	2	1	0
    75137	2016-09-06 12:40:06	3	2	1	0
    79112	2016-09-06 12:40:10	3	2	1	0
    85144	2016-09-06 12:40:18	3	2	1	0
    76016	2016-09-06 12:40:38	3	2	1	0
    80053	2016-09-06 12:40:42	3	2	1	0
    80079	2016-09-06 12:40:51	3	2	1	0
    86027	2016-09-06 12:40:57	3	2	1	0
    92050	2016-09-06 12:41:07	3	2	1	0
    86153	2016-09-06 12:41:11	3	2	1	0
    85137	2016-09-06 12:41:15	3	2	1	0
    72004	2016-09-06 12:41:20	3	2	1	0
    54026	2016-09-06 12:41:32	3	2	1	0
    76135	2016-09-06 12:41:42	3	2	1	0
    63012	2016-09-06 12:41:50	3	2	1	0
    88093	2016-09-06 12:41:55	3	2	1	0
    87123	2016-09-06 12:42:01	3	2	1	0
    83154	2016-09-06 12:42:10	3	2	1	0
    87124	2016-09-06 12:42:18	3	2	1	0
    71121	2016-09-06 12:42:23	3	2	1	0
    64001	2016-09-06 12:42:28	3	2	1	0
    66001	2016-09-06 12:42:36	3	2	1	0
    77104	2016-09-06 12:42:42	3	2	1	0
    82100	2016-09-06 12:42:47	3	2	1	0
    95009	2016-09-06 12:42:52	3	2	1	0
    53014	2016-09-06 12:42:59	3	2	1	0
    62011	2016-09-06 12:43:07	3	2	1	0
    95013	2016-09-06 12:43:12	3	2	1	0
    92069	2016-09-06 12:43:16	3	2	1	0
    69016	2016-09-06 12:43:23	3	2	1	0
    82149	2016-09-06 12:43:45	3	2	15	0
    75103	2016-09-06 12:43:54	3	2	1	0
    60018	2016-09-06 12:44:03	3	2	1	0
    85012	2016-09-06 12:44:20	3	2	1	0
    91064	2016-09-06 12:44:28	3	2	1	0
    89078	2016-09-06 12:45:01	3	2	1	0
    93020	2016-09-06 12:45:04	3	2	1	0
    96004	2016-09-06 12:45:23	3	2	15	0
    82156	2016-09-06 12:45:29	3	2	1	0
    93050	2016-09-06 12:46:42	3	2	1	0
    90097	2016-09-06 12:46:44	3	2	1	0
    92067	2016-09-06 12:46:49	3	2	1	0
    92068	2016-09-06 12:46:51	3	2	1	0
    93007	2016-09-06 12:46:57	3	2	1	0
    95008	2016-09-06 12:47:03	3	2	1	0
    78017	2016-09-06 12:47:40	3	2	1	0
    94007	2016-09-06 12:47:52	3	2	1	0
    86075	2016-09-06 12:48:41	3	2	1	0
    85096	2016-09-06 12:48:44	3	2	1	0
    98746	2016-09-06 12:48:51	3	2	1	0
    87131	2016-09-06 12:48:58	3	2	1	0
    92004	2016-09-06 12:50:09	3	2	1	0
    94025	2016-09-06 12:51:35	3	2	1	0
    90073	2016-09-06 12:51:46	3	2	1	0
    89080	2016-09-06 12:52:11	3	2	1	0
    64088	2016-09-06 12:54:09	3	2	1	0
    89022	2016-09-06 12:58:04	3	2	1	0
    88116	2016-09-06 12:59:02	3	2	15	0
    95012	2016-09-06 12:59:12	3	2	1	0
    95016	2016-09-06 12:59:14	3	2	1	0
    84023	2016-09-06 17:00:05	3	1	1	0
    61020	2016-09-06 17:00:13	3	1	1	0
    62008	2016-09-06 17:00:20	3	1	1	0
    63034	2016-09-06 17:00:30	3	1	1	0
    72004	2016-09-06 17:00:38	3	1	1	0
    66009	2016-09-06 17:00:49	3	1	1	0
    86159	2016-09-06 17:00:55	3	1	1	0
    95020	2016-09-06 17:01:00	3	1	1	0
    79011	2016-09-06 17:01:05	3	1	1	0
    81021	2016-09-06 17:01:08	3	1	1	0
    62011	2016-09-06 17:01:15	3	1	1	0
    82017	2016-09-06 17:01:19	3	1	1	0
    87134	2016-09-06 17:01:24	3	1	1	0
    53016	2016-09-06 17:01:28	3	1	15	0
    85096	2016-09-06 17:01:33	3	1	1	0
    84011	2016-09-06 17:01:39	3	1	15	0
    74001	2016-09-06 17:01:45	3	1	1	0
    82156	2016-09-06 17:01:57	3	1	15	0
    87129	2016-09-06 17:02:00	3	1	1	0
    77059	2016-09-06 17:02:23	3	1	1	0
    82100	2016-09-06 17:02:50	3	1	1	0
    62009	2016-09-06 17:02:58	3	1	1	0
    68001	2016-09-06 17:03:06	3	1	1	0
    95001	2016-09-06 17:03:30	3	1	1	0
    86027	2016-09-06 17:03:33	3	1	1	0
    88014	2016-09-06 17:03:41	3	1	1	0
    79175	2016-09-06 17:03:51	3	1	1	0
    60017	2016-09-06 17:04:02	3	1	15	0
    67011	2016-09-06 17:04:16	3	1	1	0
    65012	2016-09-06 17:04:22	3	1	1	0
    83160	2016-09-06 17:04:27	3	1	1	0
    87003	2016-09-06 17:04:49	3	1	15	0
    91024	2016-09-06 17:05:02	3	1	1	0
    92050	2016-09-06 17:05:05	3	1	1	0
    86153	2016-09-06 17:05:09	3	1	1	0
    94025	2016-09-06 17:05:12	3	1	1	0
    85139	2016-09-06 17:05:18	3	1	1	0
    87123	2016-09-06 17:05:24	3	1	1	0
    76135	2016-09-06 17:05:28	3	1	1	0
    92069	2016-09-06 17:05:33	3	1	1	0
    95013	2016-09-06 17:05:36	3	1	1	0
    87124	2016-09-06 17:05:40	3	1	15	0
    54026	2016-09-06 17:05:44	3	1	1	0
    64001	2016-09-06 17:06:00	3	1	1	0
    66001	2016-09-06 17:06:07	3	1	15	0
    71121	2016-09-06 17:06:31	3	1	1	0
    73004	2016-09-06 17:07:28	3	1	15	0
    69016	2016-09-06 17:07:45	3	1	15	0
    75006	2016-09-06 17:07:53	3	1	15	0
    84008	2016-09-06 17:09:42	3	1	1	0
    87131	2016-09-06 17:10:27	3	1	1	0
    73044	2016-09-06 17:10:32	3	1	15	0
    95012	2016-09-06 17:11:23	3	1	1	0
    89022	2016-09-06 17:11:26	3	1	1	0
    63005	2016-09-06 17:12:59	3	1	1	0
    68057	2016-09-06 17:13:03	3	1	1	0
    69065	2016-09-06 17:13:06	3	1	15	0
    95016	2016-09-06 17:13:43	3	1	1	0
    53014	2016-09-06 17:14:39	3	1	1	0
    83153	2016-09-06 17:15:48	3	1	15	0
    77104	2016-09-06 17:15:55	3	1	1	0
    61011	2016-09-06 17:16:34	3	1	1	0
    60018	2016-09-06 17:16:57	3	1	15	0
    92004	2016-09-06 17:17:03	3	1	1	0
    77021	2016-09-06 17:17:33	3	1	1	0
    78017	2016-09-06 17:17:56	3	1	1	0
    89083	2016-09-06 17:18:09	3	1	1	0
    63012	2016-09-06 17:25:31	3	1	1	0
    63004	2016-09-06 17:26:39	3	1	1	0
    76124	2016-09-06 17:32:27	3	1	1	0
    81119	2016-09-06 17:32:40	3	1	1	0
    66001	2016-09-06 17:32:47	3	1	15	0
    80079	2016-09-06 17:32:49	3	1	15	0
    76016	2016-09-06 17:33:09	3	1	15	0
    80053	2016-09-06 17:33:14	3	1	1	0
    88116	2016-09-06 17:41:40	3	1	1	0
    94007	2016-09-06 17:42:12	3	1	1	0
    86155	2016-09-06 17:42:53	3	1	1	0
    67010	2016-09-06 17:45:40	3	1	1	0
    89080	2016-09-06 17:46:19	3	1	1	0
    98746	2016-09-06 17:47:39	3	1	1	0
    94025	2016-09-06 17:47:44	3	1	1	0
    86075	2016-09-06 17:47:47	3	1	1	0
    90073	2016-09-06 17:47:50	3	1	1	0
    93007	2016-09-06 17:55:37	3	1	1	0
    89078	2016-09-06 17:55:42	3	1	1	0
    79112	2016-09-06 18:07:15	3	1	1	0
    88020	2016-09-06 18:07:21	3	1	15	0
    80090	2016-09-06 18:07:26	3	1	15	0
    93020	2016-09-06 18:16:25	3	1	1	0
    95008	2016-09-06 18:16:32	3	1	1	0
    92067	2016-09-06 18:22:06	3	1	1	0
    93050	2016-09-06 18:22:12	3	1	1	0
    90097	2016-09-06 18:22:15	3	1	1	0
    92068	2016-09-06 18:22:21	3	1	1	0
    91064	2016-09-06 18:22:27	3	1	1	0
    92065	2016-09-06 18:27:40	3	1	1	0
    96004	2016-09-06 18:27:45	3	1	15	0
    92069	2016-09-06 18:38:11	3	1	15	0
    75103	2016-09-06 18:38:13	3	1	15	0
    87042	2016-09-06 18:38:16	3	1	15	0
    82149	2016-09-06 18:38:30	3	1	1	0
    69097	2016-09-06 18:38:41	3	1	15	0
    78121	2016-09-06 18:38:47	3	1	1	0
    54026	2016-09-07 06:22:53	3	1	15	0
    92065	2016-09-07 06:55:02	3	1	1	0
    66001	2016-09-07 07:06:51	3	1	1	0
    96004	2016-09-07 07:08:05	3	1	15	0
    94007	2016-09-07 07:09:48	3	1	1	0
    94025	2016-09-07 07:28:05	3	1	1	0
    86159	2016-09-07 07:30:27	3	1	1	0
    75006	2016-09-07 07:30:42	3	1	1	0
    77104	2016-09-07 07:34:03	3	1	1	0
    62011	2016-09-07 07:36:58	3	1	1	0
    82017	2016-09-07 07:37:26	3	1	1	0
    82149	2016-09-07 07:37:35	3	1	15	0
    82100	2016-09-07 07:37:46	3	1	1	0
    89083	2016-09-07 07:40:58	3	1	1	0
    91064	2016-09-07 07:43:33	3	1	1	0
    85096	2016-09-07 07:43:39	3	1	1	0
    93020	2016-09-07 07:43:44	3	1	1	0
    92067	2016-09-07 07:44:07	3	1	1	0
    66009	2016-09-07 07:45:29	3	1	1	0
    95012	2016-09-07 07:47:06	3	1	1	0
    88116	2016-09-07 07:47:31	3	1	1	0
    90097	2016-09-07 07:49:15	3	1	1	0
    86027	2016-09-07 07:53:57	3	1	1	0
    86075	2016-09-07 08:01:55	3	1	1	0
    79022	2016-09-07 08:04:37	3	1	1	0
    90073	2016-09-07 08:11:54	3	1	1	0
    98746	2016-09-07 08:18:58	3	1	1	0
    95001	2016-09-07 12:00:03	3	2	1	0
    86027	2016-09-07 12:00:07	3	2	1	0
    88014	2016-09-07 12:00:15	3	2	1	0
    77021	2016-09-07 12:00:24	3	2	1	0
    78017	2016-09-07 12:00:27	3	2	1	0
    79011	2016-09-07 12:00:34	3	2	1	0
    81021	2016-09-07 12:00:38	3	2	1	0
    82017	2016-09-07 12:00:41	3	2	1	0
    86159	2016-09-07 12:00:46	3	2	1	0
    72004	2016-09-07 12:00:52	3	2	1	0
    82100	2016-09-07 12:00:57	3	2	1	0
    86075	2016-09-07 12:01:01	3	2	1	0
    87003	2016-09-07 12:01:05	3	2	1	0
    79175	2016-09-07 12:01:08	3	2	1	0
    61020	2016-09-07 12:01:12	3	2	1	0
    84156	2016-09-07 12:01:16	3	2	1	0
    98746	2016-09-07 12:01:23	3	2	1	0
    90073	2016-09-07 12:01:30	3	2	1	0
    60046	2016-09-07 12:01:35	3	2	1	0
    87129	2016-09-07 12:01:40	3	2	1	0
    66001	2016-09-07 12:01:43	3	2	1	0
    82156	2016-09-07 12:01:47	3	2	1	0
    92065	2016-09-07 12:01:51	3	2	1	0
    93046	2016-09-07 12:01:57	3	2	1	0
    73004	2016-09-07 12:02:05	3	2	1	0
    81119	2016-09-07 12:02:10	3	2	1	0
    76016	2016-09-07 12:02:23	3	2	1	0
    80053	2016-09-07 12:02:26	3	2	1	0
    87134	2016-09-07 12:02:30	3	2	1	0
    75020	2016-09-07 12:02:34	3	2	1	0
    66073	2016-09-07 12:02:44	3	2	1	0
    84023	2016-09-07 12:02:52	3	2	1	0
    75006	2016-09-07 12:03:19	3	2	1	0
    88093	2016-09-07 12:03:24	3	2	1	0
    95020	2016-09-07 12:03:32	3	2	1	0
    77059	2016-09-07 12:03:41	3	2	1	0
    85012	2016-09-07 12:04:06	3	2	1	0
    83160	2016-09-07 12:04:32	3	2	1	0
    93009	2016-09-07 12:04:36	3	2	1	0
    89083	2016-09-07 12:06:05	3	2	1	0
    73044	2016-09-07 12:06:11	3	2	1	0
    61011	2016-09-07 12:06:19	3	2	1	0
    85139	2016-09-07 12:06:45	3	2	1	0
    91064	2016-09-07 12:07:17	3	2	1	0
    71086	2016-09-07 12:08:33	3	2	1	0
    68057	2016-09-07 12:08:59	3	2	1	0
    66009	2016-09-07 12:09:05	3	2	1	0
    53014	2016-09-07 12:11:01	3	2	1	0
    69065	2016-09-07 12:13:08	3	2	15	0
    86155	2016-09-07 12:13:22	3	2	1	0
    93007	2016-09-07 12:13:25	3	2	1	0
    89078	2016-09-07 12:13:29	3	2	1	0
    95008	2016-09-07 12:13:36	3	2	1	0
    96004	2016-09-07 12:14:23	3	2	15	0
    77104	2016-09-07 12:14:36	3	2	1	0
    93020	2016-09-07 12:14:41	3	2	1	0
    63034	2016-09-07 12:14:45	3	2	1	0
    94007	2016-09-07 12:14:53	3	2	1	0
    82149	2016-09-07 12:15:41	3	2	15	0
    69016	2016-09-07 12:16:49	3	2	1	0
    84008	2016-09-07 12:22:13	3	2	1	0
    89022	2016-09-07 12:23:41	3	2	1	0
    92004	2016-09-07 12:25:52	3	2	1	0
    84011	2016-09-07 12:26:41	3	2	15	0
    74001	2016-09-07 12:26:55	3	2	15	0
    85096	2016-09-07 12:27:05	3	2	15	0
    83160	2016-09-07 12:28:06	3	2	1	0
    64009	2016-09-07 12:29:00	3	2	1	0
    93009	2016-09-07 12:29:24	3	2	1	0
    63004	2016-09-07 12:29:30	3	2	1	0
    70043	2016-09-07 12:29:41	3	2	1	0
    85012	2016-09-07 12:29:48	3	2	1	0
    80090	2016-09-07 12:30:36	3	4	1	0
    72004	2016-09-07 12:31:22	3	4	1	0
    64001	2016-09-07 12:31:26	3	4	1	0
    82100	2016-09-07 12:31:33	3	4	1	0
    84008	2016-09-07 12:31:38	3	4	1	0
    84011	2016-09-07 12:32:05	3	4	1	0
    96004	2016-09-07 12:32:31	3	4	15	0
    54026	2016-09-07 12:32:49	3	4	1	0
    92065	2016-09-07 12:33:03	3	4	1	0
    53014	2016-09-07 12:33:28	3	4	1	0
    79175	2016-09-07 12:33:33	3	4	1	0
    66001	2016-09-07 12:33:38	3	4	1	0
    78017	2016-09-07 12:33:57	3	4	1	0
    69065	2016-09-07 12:34:02	3	4	15	0
    77021	2016-09-07 12:34:20	3	4	1	0
    93009	2016-09-07 12:34:33	3	4	1	0
    61011	2016-09-07 12:35:07	3	4	1	0
    93020	2016-09-07 12:35:38	3	4	1	0
    94007	2016-09-07 12:35:43	3	4	1	0
    89078	2016-09-07 12:35:47	3	4	1	0
    86159	2016-09-07 12:35:57	3	4	1	0
    95020	2016-09-07 12:36:02	3	4	1	0
    86155	2016-09-07 12:36:52	3	4	1	0
    85096	2016-09-07 12:37:37	3	4	15	0
    61020	2016-09-07 12:38:41	3	4	1	0
    81119	2016-09-07 12:40:23	3	4	1	0
    60046	2016-09-07 12:40:59	3	4	1	0
    71086	2016-09-07 12:41:19	3	4	15	0
    88093	2016-09-07 12:42:25	3	4	1	0
    77104	2016-09-07 12:42:32	3	4	1	0
    76016	2016-09-07 12:43:04	3	4	1	0
    80053	2016-09-07 12:43:11	3	4	1	0
    63005	2016-09-07 12:43:17	3	4	1	0
    85139	2016-09-07 12:43:24	3	4	1	0
    66009	2016-09-07 12:44:17	3	4	1	0
    92004	2016-09-07 12:45:15	3	4	1	0
    91064	2016-09-07 12:45:54	3	4	1	0
    69016	2016-09-07 12:46:13	3	4	1	0
    95008	2016-09-07 12:48:29	3	4	1	0
    93007	2016-09-07 12:48:35	3	4	1	0
    82149	2016-09-07 12:48:42	3	4	15	0
    89083	2016-09-07 12:48:51	3	4	1	0
    68057	2016-09-07 12:48:59	3	4	1	0
    89022	2016-09-07 12:49:04	3	4	1	0
    77059	2016-09-07 12:53:36	3	4	1	0
    88014	2016-09-07 12:53:41	3	4	1	0
    82017	2016-09-07 12:53:52	3	4	1	0
    91024	2016-09-07 12:54:21	3	4	1	0
    95016	2016-09-07 12:59:29	3	4	1	0
    87131	2016-09-07 13:00:11	3	4	1	0
    94025	2016-09-07 13:00:17	3	4	1	0
    89080	2016-09-07 13:00:20	3	4	1	0
    98746	2016-09-07 13:05:02	3	4	15	0
    94029	2016-09-07 13:19:21	3	4	15	0
    91061	2016-09-07 13:19:25	3	4	15	0
    84023	2016-09-07 17:00:12	3	4	1	0
    83160	2016-09-07 17:00:18	3	4	1	0
    86159	2016-09-07 17:00:26	3	4	1	0
    79011	2016-09-07 17:00:31	3	4	1	0
    66009	2016-09-07 17:00:36	3	4	1	0
    95020	2016-09-07 17:00:41	3	4	1	0
    81021	2016-09-07 17:00:45	3	4	1	0
    82017	2016-09-07 17:00:48	3	4	1	0
    61020	2016-09-07 17:00:52	3	4	1	0
    73004	2016-09-07 17:00:58	3	4	1	0
    87134	2016-09-07 17:01:10	3	4	1	0
    88014	2016-09-07 17:01:19	3	4	1	0
    86027	2016-09-07 17:01:26	3	4	1	0
    95001	2016-09-07 17:01:30	3	4	1	0
    72004	2016-09-07 17:01:35	3	4	15	0
    95016	2016-09-07 17:01:54	3	4	1	0
    84011	2016-09-07 17:02:02	3	4	15	0
    85096	2016-09-07 17:02:07	3	4	15	0
    74001	2016-09-07 17:02:17	3	4	1	0
    61011	2016-09-07 17:02:22	3	4	1	0
    63005	2016-09-07 17:02:32	3	4	15	0
    64001	2016-09-07 17:02:45	3	4	1	0
    66001	2016-09-07 17:03:25	3	4	1	0
    82100	2016-09-07 17:03:38	3	4	1	0
    75006	2016-09-07 17:03:43	3	4	15	0
    69016	2016-09-07 17:04:03	3	4	1	0
    84008	2016-09-07 17:04:07	3	4	1	0
    85139	2016-09-07 17:04:16	3	4	1	0
    87129	2016-09-07 17:04:20	3	4	1	0
    91064	2016-09-07 17:04:22	3	4	1	0
    79175	2016-09-07 17:04:25	3	4	1	0
    77104	2016-09-07 17:04:31	3	4	1	0
    89022	2016-09-07 17:04:35	3	4	1	0
    54026	2016-09-07 17:04:45	3	4	1	0
    70043	2016-09-07 17:05:01	3	4	15	0
    87003	2016-09-07 17:05:24	3	4	1	0
    66087	2016-09-07 17:05:39	3	4	1	0
    77059	2016-09-07 17:05:44	3	4	1	0
    73044	2016-09-07 17:05:49	3	4	15	0
    82156	2016-09-07 17:05:56	3	4	1	0
    78017	2016-09-07 17:06:25	3	4	1	0
    77021	2016-09-07 17:06:33	3	4	1	0
    68057	2016-09-07 17:06:46	3	4	1	0
    69065	2016-09-07 17:06:51	3	4	15	0
    89083	2016-09-07 17:07:01	3	4	15	0
    91024	2016-09-07 17:07:53	3	4	1	0
    92004	2016-09-07 17:09:27	3	4	1	0
    53014	2016-09-07 17:10:52	3	4	15	0
    81119	2016-09-07 17:12:39	3	4	1	0
    95012	2016-09-07 17:13:06	3	4	1	0
    76016	2016-09-07 17:17:31	3	4	15	0
    80079	2016-09-07 17:17:40	3	4	15	0
    80053	2016-09-07 17:18:00	3	4	1	0
    88116	2016-09-07 17:18:18	3	4	15	0
    83153	2016-09-07 17:18:22	3	4	1	0
    86155	2016-09-07 17:18:49	3	4	1	0
    76124	2016-09-07 17:24:14	3	4	1	0
    80043	2016-09-07 17:27:00	3	4	1	0
    88020	2016-09-07 17:27:05	3	4	1	0
    85067	2016-09-07 17:27:13	3	4	15	0
    80090	2016-09-07 17:27:16	3	4	15	0
    87131	2016-09-07 17:38:31	3	4	1	0
    98746	2016-09-07 17:47:48	3	4	15	0
    89080	2016-09-07 17:52:43	3	4	1	0
    90073	2016-09-07 17:52:48	3	4	1	0
    86075	2016-09-07 17:52:55	3	4	1	0
    94025	2016-09-07 17:53:00	3	4	1	0
    89078	2016-09-07 18:06:08	3	4	1	0
    93007	2016-09-07 18:10:00	3	4	15	0
    93020	2016-09-07 18:10:05	3	4	15	0
    92069	2016-09-07 18:10:29	3	4	15	0
    75103	2016-09-07 18:10:31	3	4	15	0
    82149	2016-09-07 18:10:38	3	4	1	0
    95008	2016-09-07 18:10:44	3	4	1	0
    94007	2016-09-07 18:11:02	3	4	1	0
    78121	2016-09-07 18:11:10	3	4	1	0
    92065	2016-09-08 07:01:02	3	4	1	0
    96004	2016-09-08 07:04:19	3	4	15	0
    66001	2016-09-08 07:08:14	3	4	1	0
    92067	2016-09-08 07:08:59	3	4	1	0
    90097	2016-09-08 07:09:36	3	4	1	0
    94007	2016-09-08 07:18:07	3	4	1	0
    90073	2016-09-08 07:20:20	3	4	1	0
    68057	2016-09-08 07:22:17	3	4	1	0
    86159	2016-09-08 07:37:41	3	4	1	0
    66073	2016-09-08 07:37:46	3	4	1	0
    79112	2016-09-08 07:40:42	3	4	1	0
    93020	2016-09-08 07:45:27	3	4	1	0
    85096	2016-09-08 07:49:45	3	4	1	0
    66009	2016-09-08 07:55:53	3	4	1	0
    82017	2016-09-08 07:55:58	3	4	1	0
    84008	2016-09-08 08:00:47	3	4	1	0
    95016	2016-09-08 08:03:45	3	4	1	0
    53016	2016-09-08 08:17:20	3	4	1	0
    98746	2016-09-08 08:39:36	3	4	1	0
    87003	2016-09-08 12:00:03	3	4	1	0
    79011	2016-09-08 12:00:07	3	4	1	0
    66073	2016-09-08 12:00:14	3	4	15	0
    61020	2016-09-08 12:00:25	3	4	1	0
    81021	2016-09-08 12:00:28	3	4	1	0
    84023	2016-09-08 12:00:33	3	4	1	0
    86159	2016-09-08 12:00:39	3	4	1	0
    88093	2016-09-08 12:00:49	3	4	1	0
    87129	2016-09-08 12:00:53	3	4	1	0
    82156	2016-09-08 12:00:55	3	4	1	0
    82017	2016-09-08 12:00:59	3	4	1	0
    86158	2016-09-08 12:01:03	3	4	1	0
    98921	2016-09-08 12:01:06	3	4	1	0
    88014	2016-09-08 12:01:12	3	4	1	0
    95001	2016-09-08 12:01:22	3	4	1	0
    86027	2016-09-08 12:01:25	3	4	1	0
    79175	2016-09-08 12:01:31	3	4	1	0
    86075	2016-09-08 12:01:37	3	4	1	0
    75020	2016-09-08 12:01:43	3	4	1	0
    98746	2016-09-08 12:01:48	3	4	1	0
    89083	2016-09-08 12:02:19	3	4	1	0
    85139	2016-09-08 12:02:25	3	4	1	0
    95020	2016-09-08 12:02:30	3	4	1	0
    80053	2016-09-08 12:02:36	3	4	1	0
    53014	2016-09-08 12:03:03	3	4	1	0
    91064	2016-09-08 12:03:34	3	4	1	0
    62011	2016-09-08 12:03:42	3	4	1	0
    71086	2016-09-08 12:03:51	3	4	1	0
    72004	2016-09-08 12:04:12	3	4	15	0
    68001	2016-09-08 12:04:29	3	4	1	0
    87134	2016-09-08 12:04:37	3	4	1	0
    85096	2016-09-08 12:04:48	3	4	1	0
    83160	2016-09-08 12:04:51	3	4	1	0
    64001	2016-09-08 12:04:56	3	4	1	0
    66001	2016-09-08 12:05:03	3	4	1	0
    94025	2016-09-08 12:05:11	3	4	1	0
    89080	2016-09-08 12:05:14	3	4	1	0
    87131	2016-09-08 12:05:18	3	4	1	0
    96004	2016-09-08 12:05:20	3	4	15	0
    77104	2016-09-08 12:05:25	3	4	1	0
    89022	2016-09-08 12:05:29	3	4	1	0
    92004	2016-09-08 12:05:33	3	4	1	0
    53016	2016-09-08 12:05:37	3	4	15	0
    65012	2016-09-08 12:05:45	3	4	1	0
    61011	2016-09-08 12:05:50	3	4	1	0
    80176	2016-09-08 12:05:59	3	4	15	0
    76135	2016-09-08 12:06:08	3	4	15	0
    60046	2016-09-08 12:06:16	3	4	15	0
    81119	2016-09-08 12:06:26	3	4	15	0
    77059	2016-09-08 12:06:59	3	4	1	0
    91024	2016-09-08 12:07:22	3	4	1	0
    85012	2016-09-08 12:07:31	3	4	1	0
    60018	2016-09-08 12:07:46	3	4	1	0
    69016	2016-09-08 12:08:44	3	4	1	0
    74075	2016-09-08 12:09:00	3	4	1	0
    80079	2016-09-08 12:09:36	3	4	15	0
    76016	2016-09-08 12:09:48	3	4	15	0
    62009	2016-09-08 12:10:18	3	4	1	0
    93009	2016-09-08 12:11:01	3	4	1	0
    68057	2016-09-08 12:11:14	3	4	1	0
    77021	2016-09-08 12:11:27	3	4	1	0
    83136	2016-09-08 12:11:45	3	4	1	0
    69065	2016-09-08 12:11:51	3	4	15	0
    78017	2016-09-08 12:12:06	3	4	1	0
    90073	2016-09-08 12:12:12	3	4	1	0
    73044	2016-09-08 12:12:21	3	4	15	0
    63012	2016-09-08 12:12:32	3	4	1	0
    86155	2016-09-08 12:12:50	3	4	15	0
    89078	2016-09-08 12:13:00	3	4	1	0
    93007	2016-09-08 12:13:11	3	4	1	0
    93020	2016-09-08 12:13:16	3	4	1	0
    94039	2016-09-08 12:13:26	3	4	1	0
    66009	2016-09-08 12:13:41	3	4	1	0
    70043	2016-09-08 12:15:16	3	4	15	0
    76124	2016-09-08 12:17:23	3	4	1	0
    79022	2016-09-08 12:21:28	3	4	1	0
    82149	2016-09-08 12:22:54	3	4	15	0
    84011	2016-09-08 12:24:09	3	4	15	0
    74001	2016-09-08 12:24:27	3	4	1	0
    79112	2016-09-08 12:25:31	3	4	1	0
    65012	2016-09-08 12:25:38	3	4	1	0
    84008	2016-09-08 12:25:43	3	4	1	0
    69016	2016-09-08 12:27:01	3	4	1	0
    58038	2016-09-08 12:27:09	3	4	1	0
    64009	2016-09-08 12:27:38	3	4	1	0
    63004	2016-09-08 12:28:37	3	4	1	0
    80043	2016-09-08 12:30:27	3	4	1	0
    88020	2016-09-08 12:30:30	3	4	1	0
    80090	2016-09-08 12:30:32	3	4	1	0
    94007	2016-09-08 12:31:32	3	4	1	0
    77021	2016-09-08 12:31:42	3	4	1	0
    78017	2016-09-08 12:31:49	3	4	1	0
    79175	2016-09-08 12:31:55	3	4	1	0
    62009	2016-09-08 12:32:08	3	4	1	0
    76124	2016-09-08 12:32:35	3	4	1	0
    61011	2016-09-08 12:32:42	3	4	1	0
    76135	2016-09-08 12:32:57	3	4	15	0
    87134	2016-09-08 12:33:06	3	4	1	0
    62011	2016-09-08 12:33:20	3	4	1	0
    96004	2016-09-08 12:33:39	3	4	15	0
    77059	2016-09-08 12:33:55	3	4	1	0
    84008	2016-09-08 12:34:00	3	4	1	0
    86155	2016-09-08 12:34:35	3	4	15	0
    69065	2016-09-08 12:34:54	3	4	15	0
    68057	2016-09-08 12:35:03	3	4	1	0
    86159	2016-09-08 12:35:10	3	4	1	0
    95020	2016-09-08 12:35:17	3	4	1	0
    71086	2016-09-08 12:35:29	3	4	1	0
    53014	2016-09-08 12:35:35	3	4	1	0
    86118	2016-09-08 12:35:57	3	4	1	0
    72004	2016-09-08 12:36:06	3	4	1	0
    93009	2016-09-08 12:36:54	3	4	1	0
    90073	2016-09-08 12:37:05	3	4	1	0
    66009	2016-09-08 12:37:20	3	4	1	0
    60018	2016-09-08 12:37:32	3	4	1	0
    89078	2016-09-08 12:37:37	3	4	1	0
    63012	2016-09-08 12:37:43	3	4	1	0
    93007	2016-09-08 12:37:53	3	4	1	0
    94039	2016-09-08 12:38:05	3	4	1	0
    77104	2016-09-08 12:38:12	3	4	1	0
    88093	2016-09-08 12:38:17	3	4	1	0
    89083	2016-09-08 12:38:19	3	4	1	0
    85139	2016-09-08 12:38:22	3	4	1	0
    86075	2016-09-08 12:38:25	3	4	1	0
    98746	2016-09-08 12:38:30	3	4	1	0
    69016	2016-09-08 12:38:35	3	4	1	0
    61020	2016-09-08 12:38:54	3	4	1	0
    66001	2016-09-08 12:39:47	3	4	15	0
    68001	2016-09-08 12:40:09	3	4	1	0
    64001	2016-09-08 12:40:20	3	4	1	0
    80079	2016-09-08 12:40:34	3	4	15	0
    83136	2016-09-08 12:40:45	3	4	1	0
    85012	2016-09-08 12:40:50	3	4	1	0
    93020	2016-09-08 12:41:08	3	4	1	0
    53016	2016-09-08 12:41:57	3	4	15	0
    80176	2016-09-08 12:42:10	3	4	1	0
    82149	2016-09-08 12:42:18	3	4	15	0
    83160	2016-09-08 12:42:27	3	4	1	0
    74001	2016-09-08 12:44:12	3	4	15	0
    84011	2016-09-08 12:44:21	3	4	15	0
    88014	2016-09-08 12:46:25	3	4	1	0
    81021	2016-09-08 12:46:34	3	4	1	0
    85096	2016-09-08 12:47:17	3	4	15	0
    65012	2016-09-08 12:48:50	3	4	1	0
    89078	2016-09-08 12:50:29	3	4	1	0
    54026	2016-09-08 12:50:34	3	4	1	0
    89022	2016-09-08 12:52:18	3	4	1	0
    92004	2016-09-08 12:53:18	3	4	1	0
    70043	2016-09-08 12:54:05	3	4	15	0
    87131	2016-09-08 12:56:15	3	4	1	0
    89080	2016-09-08 12:56:19	3	4	1	0
    94025	2016-09-08 12:56:22	3	4	1	0
    79022	2016-09-08 12:56:53	3	4	1	0
    68057	2016-09-08 13:04:42	3	4	1	0
    84023	2016-09-08 17:00:05	3	4	1	0
    54026	2016-09-08 17:00:09	3	4	1	0
    68001	2016-09-08 17:00:18	3	4	1	0
    64001	2016-09-08 17:00:25	3	4	1	0
    66073	2016-09-08 17:00:41	3	4	1	0
    61020	2016-09-08 17:00:44	3	4	1	0
    81021	2016-09-08 17:00:49	3	4	1	0
    79011	2016-09-08 17:00:53	3	4	1	0
    82017	2016-09-08 17:00:56	3	4	1	0
    86159	2016-09-08 17:01:01	3	4	1	0
    95020	2016-09-08 17:01:06	3	4	1	0
    95001	2016-09-08 17:01:10	3	4	1	0
    88014	2016-09-08 17:01:13	3	4	1	0
    86027	2016-09-08 17:01:20	3	4	1	0
    72004	2016-09-08 17:01:24	3	4	1	0
    62011	2016-09-08 17:01:29	3	4	1	0
    66009	2016-09-08 17:01:34	3	4	1	0
    62009	2016-09-08 17:01:48	3	4	1	0
    69016	2016-09-08 17:01:53	3	4	1	0
    83160	2016-09-08 17:01:58	3	4	1	0
    89083	2016-09-08 17:02:04	3	4	1	0
    85139	2016-09-08 17:02:06	3	4	1	0
    73004	2016-09-08 17:02:10	3	4	15	0
    84008	2016-09-08 17:02:22	3	4	1	0
    67065	2016-09-08 17:02:38	3	4	1	0
    95012	2016-09-08 17:02:43	3	4	1	0
    53016	2016-09-08 17:02:47	3	4	15	0
    87134	2016-09-08 17:02:52	3	4	1	0
    66001	2016-09-08 17:03:24	3	4	15	0
    85096	2016-09-08 17:03:34	3	4	15	0
    70043	2016-09-08 17:03:52	3	4	15	0
    79175	2016-09-08 17:04:36	3	4	1	0
    88116	2016-09-08 17:05:09	3	4	15	0
    89022	2016-09-08 17:05:13	3	4	1	0
    83153	2016-09-08 17:05:21	3	4	1	0
    77104	2016-09-08 17:05:26	3	4	1	0
    95016	2016-09-08 17:05:33	3	4	1	0
    60018	2016-09-08 17:05:59	3	4	1	0
    77059	2016-09-08 17:06:11	3	4	1	0
    91024	2016-09-08 17:06:17	3	4	1	0
    61011	2016-09-08 17:06:23	3	4	1	0
    73044	2016-09-08 17:08:52	3	4	15	0
    92065	2016-09-08 17:10:44	3	4	1	0
    81119	2016-09-08 17:12:29	3	4	1	0
    65012	2016-09-08 17:13:54	3	4	1	0
    76124	2016-09-08 17:14:44	3	4	1	0
    79112	2016-09-08 17:15:13	3	4	1	0
    92004	2016-09-08 17:15:17	3	4	1	0
    53014	2016-09-08 17:17:39	3	4	15	0
    63012	2016-09-08 17:17:44	3	4	1	0
    95008	2016-09-08 17:17:48	3	4	1	0
    94039	2016-09-08 17:17:54	3	4	1	0
    68057	2016-09-08 17:18:04	3	4	1	0
    69065	2016-09-08 17:18:08	3	4	15	0
    77021	2016-09-08 17:18:16	3	4	1	0
    78017	2016-09-08 17:18:21	3	4	1	0
    87131	2016-09-08 17:19:24	3	4	1	0
    87003	2016-09-08 17:39:40	3	4	15	0
    88020	2016-09-08 17:39:53	3	4	15	0
    80090	2016-09-08 17:39:59	3	4	15	0
    63004	2016-09-08 17:41:26	3	4	1	0
    86155	2016-09-08 17:45:43	3	4	1	0
    89080	2016-09-08 18:02:51	3	4	1	0
    98746	2016-09-08 18:02:55	3	4	1	0
    90073	2016-09-08 18:02:59	3	4	1	0
    94025	2016-09-08 18:05:03	3	4	1	0
    92067	2016-09-08 18:14:45	3	4	1	0
    90097	2016-09-08 18:14:48	3	4	1	0
    92068	2016-09-08 18:14:52	3	4	1	0
    93050	2016-09-08 18:14:56	3	4	1	0
    96004	2016-09-08 18:15:18	3	4	15	0
    89078	2016-09-08 18:31:01	3	4	1	0
    94007	2016-09-08 18:34:20	3	4	1	0
    93020	2016-09-08 18:34:25	3	4	1	0
    93007	2016-09-08 18:34:29	3	4	15	0
    85090	2016-09-08 18:34:50	3	4	15	0
    94015	2016-09-08 18:35:03	3	4	15	0
    78014	2016-09-08 18:35:09	3	4	15	0
    95013	2016-09-08 18:35:11	3	4	15	0
    94031	2016-09-08 18:35:13	3	4	15	0
    87042	2016-09-08 18:35:31	3	4	15	0
    87003	2016-09-08 18:35:46	3	4	15	0
    95026	2016-09-08 18:36:57	3	4	15	0
    87032	2016-09-08 18:37:24	3	4	15	0
    69097	2016-09-08 18:58:55	3	4	15	0
    78121	2016-09-08 18:59:00	3	4	1	0
    82149	2016-09-08 18:59:04	3	4	1	0
    92069	2016-09-08 18:59:20	3	4	15	0
    66001	2016-09-09 07:01:54	3	4	1	0
    69065	2016-09-09 07:16:09	3	4	1	0
    96004	2016-09-09 07:19:04	3	4	15	0
    94007	2016-09-09 07:19:25	3	4	1	0
    68057	2016-09-09 07:24:38	3	4	1	0
    92067	2016-09-09 07:25:54	3	4	1	0
    87134	2016-09-09 07:30:24	3	4	1	0
    86159	2016-09-09 07:39:58	3	4	1	0
    85096	2016-09-09 07:43:15	3	4	1	0
    82149	2016-09-09 07:49:30	3	4	15	0
    87131	2016-09-09 07:51:20	3	4	1	0
    81021	2016-09-09 07:51:35	3	4	1	0
    94039	2016-09-09 07:54:07	3	4	1	0
    88116	2016-09-09 07:54:17	3	4	1	0
    79020	2016-09-09 07:56:05	3	4	1	0
    93009	2016-09-09 07:56:19	3	4	1	0
    86075	2016-09-09 07:56:23	3	4	1	0
    85139	2016-09-09 08:00:41	3	4	1	0
    92068	2016-09-09 08:04:26	3	4	1	0
    84011	2016-09-09 08:06:17	3	4	1	0
    95016	2016-09-09 08:06:21	3	4	1	0
    98746	2016-09-09 08:27:50	3	4	1	0
    80043	2016-09-09 08:33:45	3	4	1	0
